time(ms),start,qual,angle(deg),distance(mm)
0,2,36,144,175
0.5,2,60,216,473
1,2,60,218,467
1.5,2,60,217,459
2,2,60,219,456
2.5,2,60,221,453
3,2,60,223,447
3.5,2,60,222,445
4,2,60,223,443
4.5,2,60,226,442
5,2,60,228,444
5.5,2,60,226,445
6,2,60,228,446
6.5,2,60,230,448
7,2,60,229,453
7.5,2,60,231,402
8,2,60,234,393
8.5,2,60,232,403
9,2,60,234,407
9.5,2,60,236,414
10,2,60,238,423
10.5,2,60,240,431
11,2,60,238,438
11.5,2,60,240,445
12,2,60,242,457
12.5,2,60,244,473
13,2,0,248,0
13.5,2,0,250,0
14,2,0,248,0
14.5,2,0,250,0
15,2,60,245,2908
15.5,2,60,247,3014
16,0,54,246,3151
16.5,2,60,248,3306
17,2,0,257,0
17.5,2,0,259,0
18,2,60,250,3082
18.5,2,0,260,0
19,2,0,262,0
19.5,2,60,253,3326
20,2,60,255,3336
20.5,2,60,257,3330
21,2,60,259,3309
21.5,2,60,257,3292
22,2,60,260,3283
22.5,2,60,262,3273
23,2,60,264,3260
23.5,2,60,262,3262
24,2,60,264,3254
24.5,2,60,266,3245
25,2,60,265,3255
25.5,2,0,274,0
26,2,60,269,3216
26.5,2,60,271,3243
27,2,60,269,3232
27.5,2,60,271,3237
28,2,0,281,0
28.5,2,0,283,0
29,2,0,281,0
29.5,2,0,283,0
30,2,0,286,0
30.5,2,0,288,0
31,2,0,286,0
31.5,2,0,288,0
32,2,0,290,0
32.5,2,0,288,0
33,2,0,291,0
33.5,2,0,293,0
34,2,0,295,0
34.5,2,0,293,0
35,2,0,295,0
35.5,2,0,297,0
36,2,0,300,0
36.5,2,0,298,0
37,2,0,300,0
37.5,2,0,302,0
38,2,0,300,0
38.5,2,0,302,0
39,2,0,305,0
39.5,2,0,307,0
40,2,0,305,0
40.5,2,0,307,0
41,2,60,304,280
41.5,2,60,306,279
42,2,60,309,285
42.5,2,60,305,3124
43,2,60,307,3056
43.5,2,60,305,4054
44,2,0,314,0
44.5,2,0,317,0
45,2,0,319,0
45.5,1,57,316,415
46,2,48,314,412
46.5,0,42,316,406
47,0,42,319,398
47.5,2,48,317,393
48,1,45,319,388
48.5,0,42,322,384
49,0,30,324,383
49.5,2,36,322,378
50,1,45,324,375
50.5,2,60,327,371
51,1,45,325,368
51.5,0,54,327,368
52,2,48,330,365
52.5,2,48,331,363
53,1,45,331,362
53.5,2,60,332,361
54,2,48,335,360
54.5,1,57,333,359
55,2,60,335,360
55.5,1,57,337,359
56,2,60,339,360
56.5,2,60,338,361
57,2,60,340,361
57.5,2,60,342,364
58,0,54,344,366
58.5,2,48,341,372
59,1,33,344,378
59.5,1,33,346,379
60,1,45,344,383
60.5,2,48,347,385
61,2,48,349,390
61.5,2,48,351,393
62,1,45,349,394
62.5,1,45,353,226
63,2,60,356,226
63.5,2,60,359,224
64,1,60,359,223
64.5,2,60,358,222
65,2,60,2,222
65.5,2,60,0,223
66,2,60,3,0
66.5,1,45,5,0
67,2,60,7,0
67.5,2,60,4,263
68,2,60,4,265
68.5,2,60,6,268
69,2,60,8,0
69.5,2,60,10,0
70,2,60,11,286
70.5,2,60,9,287
71,2,60,11,289
71.5,2,60,13,293
72,2,60,16,297
72.5,2,60,14,301
73,2,60,18,0
73.5,2,60,20,0
74,2,60,16,324
74.5,2,60,17,330
75,2,60,20,335
75.5,2,60,21,349
76,2,60,24,351
76.5,2,60,22,353
77,2,60,24,362
77.5,2,60,26,370
78,2,60,28,377
78.5,2,60,26,386
79,2,60,28,396
79.5,2,60,29,410
80,2,60,33,0
80.5,2,60,35,0
81,2,60,37,222
81.5,2,60,37,210
82,2,60,37,199
82.5,2,60,39,189
83,2,60,42,182
83.5,2,60,40,174
84,2,60,43,168
84.5,2,60,46,163
85,2,60,48,157
85.5,2,60,46,152
86,2,60,48,149
86.5,2,60,52,145
87,2,60,49,144
87.5,2,60,51,142
88,2,60,53,141
88.5,2,60,55,140
89,1,45,54,138
89.5,2,0,55,0
90,2,0,58,0
90.5,2,0,60,0
91,2,0,58,0
91.5,2,0,60,0
92,2,0,62,0
92.5,2,0,61,0
93,2,0,63,0
93.5,2,0,65,0
94,2,0,67,0
94.5,2,0,66,0
95,2,0,68,0
95.5,2,0,70,0
96,2,0,69,0
96.5,2,0,71,0
97,2,0,73,0
97.5,2,0,75,0
98,2,0,74,0
98.5,2,0,76,0
99,2,0,78,0
99.5,2,0,76,0
100,2,0,79,0
100.5,2,0,81,0
101,2,0,83,0
101.5,2,0,81,0
102,2,0,83,0
102.5,2,0,86,0
103,2,0,88,0
103.5,2,0,86,0
104,2,0,88,0
104.5,2,0,91,0
105,2,0,89,0
105.5,2,0,92,0
106,2,0,94,0
106.5,2,0,92,0
107,2,0,94,0
107.5,2,0,97,0
108,2,0,99,0
108.5,2,0,97,0
109,2,0,99,0
109.5,2,0,102,0
110,2,0,100,0
110.5,2,0,102,0
111,2,0,105,0
111.5,2,0,107,0
112,2,0,105,0
112.5,2,0,107,0
113,2,0,110,0
113.5,2,0,112,0
114,2,60,108,296
114.5,2,60,112,289
115,2,0,115,0
115.5,2,0,113,0
116,2,0,115,0
116.5,2,0,117,0
117,2,24,116,138
117.5,2,0,118,0
118,2,0,120,0
118.5,1,33,123,139
119,1,33,122,140
119.5,0,30,123,0
120,0,30,125,0
120.5,0,30,128,0
121,1,33,126,0
121.5,2,48,129,152
122,2,60,131,153
122.5,2,60,129,155
123,2,60,131,155
123.5,2,60,134,156
124,2,60,136,157
124.5,2,60,134,159
125,2,60,136,160
125.5,0,54,139,160
126,2,48,137,162
126.5,2,48,140,164
127,2,48,142,165
127.5,2,48,140,166
128,1,45,142,168
128.5,2,48,145,171
129,0,42,147,172
129.5,1,45,145,0
130,2,36,147,0
130.5,2,0,149,0
131,2,0,152,0
131.5,2,0,150,0
132,2,60,152,0
132.5,2,60,152,226
133,2,60,152,223
133.5,2,60,154,222
134,2,60,157,220
134.5,2,60,157,217
135,2,60,157,215
135.5,2,60,160,214
136,2,60,162,213
136.5,2,60,160,212
137,2,60,163,211
137.5,2,60,165,209
138,2,60,167,208
138.5,2,60,166,207
139,2,60,168,207
139.5,2,60,171,207
140,2,60,171,207
140.5,2,60,171,206
141,2,60,173,207
141.5,2,60,175,211
142,2,60,175,146
142.5,2,60,176,217
143,2,60,176,220
143.5,2,60,177,225
144,2,60,179,226
144.5,2,0,182,0
145,2,60,183,224
145.5,2,60,181,224
146,2,60,184,225
146.5,2,60,183,226
147,2,60,184,226
147.5,2,60,187,226
148,2,60,186,227
148.5,2,60,189,229
149,2,60,189,232
149.5,2,0,193,0
150,2,0,195,0
150.5,0,42,194,140
151,2,24,196,139
151.5,2,60,192,472
152,2,60,195,476
152.5,2,60,193,481
153,2,60,195,487
153.5,2,60,197,491
154,2,60,199,497
154.5,2,60,197,506
155,2,60,200,515
155.5,2,0,204,0
156,2,0,207,0
156.5,2,0,209,0
157,2,0,211,0
157.5,2,60,208,512
158,2,60,206,501
158.5,2,60,209,495
159,2,60,211,493
159.5,2,60,209,493
160,2,60,212,492
160.5,2,60,214,483
161,2,60,212,485
161.5,2,60,214,474
162,2,60,217,472
162.5,2,60,220,462
163,2,60,218,457
163.5,2,60,220,453
164,2,60,222,449
164.5,2,60,221,446
165,2,60,223,443
165.5,2,60,226,443
166,2,60,228,444
166.5,2,60,226,445
167,2,60,229,447
167.5,2,60,231,450
168,2,60,229,455
168.5,2,60,233,388
169,2,60,235,399
169.5,2,60,233,404
170,2,60,235,411
170.5,2,60,237,421
171,2,60,239,428
171.5,2,60,238,438
172,2,60,240,445
172.5,2,60,242,458
173,2,48,244,480
173.5,2,0,248,0
174,2,0,251,0
174.5,2,0,249,0
175,2,60,244,2847
175.5,2,60,247,2969
176,2,60,245,3116
176.5,2,60,247,3269
177,2,0,257,0
177.5,2,0,259,0
178,2,60,250,3056
178.5,2,0,260,0
179,2,0,262,0
179.5,2,60,253,3342
180,2,60,256,3327
180.5,2,60,258,3317
181,2,60,256,3307
181.5,2,60,259,3286
182,2,60,261,3279
182.5,2,60,263,3268
183,2,60,262,3261
183.5,2,60,264,3250
184,2,60,266,3248
184.5,2,60,265,3233
185,2,60,267,2709
185.5,2,60,269,3228
186,2,60,272,3233
186.5,2,60,270,3225
187,2,60,272,3247
187.5,2,0,282,0
188,2,0,280,0
188.5,2,0,283,0
189,2,0,285,0
189.5,2,0,287,0
190,2,0,286,0
190.5,2,0,288,0
191,2,0,290,0
191.5,2,0,289,0
192,2,0,291,0
192.5,2,0,293,0
193,2,0,296,0
193.5,2,0,294,0
194,2,0,296,0
194.5,2,0,299,0
195,2,0,297,0
195.5,2,0,300,0
196,2,0,302,0
196.5,2,0,300,0
197,2,0,303,0
197.5,2,0,305,0
198,2,0,307,0
198.5,2,0,306,0
199,2,60,307,279
199.5,2,60,306,279
200,2,60,308,280
200.5,2,60,304,3147
201,2,60,306,3078
201.5,2,0,316,0
202,2,60,307,4064
202.5,2,0,316,0
203,0,30,314,423
203.5,1,57,316,416
204,0,42,315,411
204.5,0,42,317,403
205,1,45,319,396
205.5,2,48,318,391
206,1,33,320,386
206.5,2,36,323,382
207,0,30,321,378
207.5,2,48,323,375
208,1,57,326,371
208.5,2,48,325,370
209,2,60,327,369
209.5,2,48,330,365
210,0,54,329,363
210.5,0,42,330,361
211,2,48,333,361
211.5,2,48,335,360
212,2,60,334,360
212.5,1,57,336,363
213,2,60,338,361
213.5,2,60,337,361
214,2,60,339,362
214.5,2,60,342,362
215,0,54,343,364
215.5,0,42,342,370
216,2,36,344,376
216.5,0,30,347,380
217,0,54,344,384
217.5,1,45,347,388
218,0,54,349,391
218.5,0,42,348,392
219,1,45,350,396
219.5,2,60,356,226
220,2,60,359,224
220.5,1,60,359,223
221,2,60,358,222
221.5,2,60,2,222
222,2,60,0,223
222.5,2,60,3,225
223,1,45,6,0
223.5,2,60,8,0
224,2,60,7,263
224.5,2,60,5,266
225,2,60,7,269
225.5,2,60,9,0
226,2,60,12,0
226.5,2,60,10,287
227,2,60,10,289
227.5,2,60,13,293
228,2,60,15,297
228.5,2,60,15,302
229,2,60,16,309
229.5,2,60,18,320
230,2,60,16,326
230.5,2,60,19,332
231,2,60,21,343
231.5,2,60,23,351
232,2,60,21,352
232.5,2,60,23,359
233,2,60,25,369
233.5,2,60,28,377
234,2,60,26,385
234.5,2,60,28,396
235,2,60,30,412
235.5,2,60,33,0
236,2,60,36,0
236.5,2,60,38,217
237,2,60,40,205
237.5,2,60,38,194
238,2,60,41,185
238.5,2,60,43,177
239,2,60,43,171
239.5,2,60,45,164
240,2,60,48,158
240.5,2,60,46,152
241,2,60,49,149
241.5,2,60,51,145
242,2,60,49,143
242.5,2,60,52,142
243,2,60,56,140
243.5,2,60,54,139
244,2,0,54,0
244.5,2,0,57,0
245,2,0,59,0
245.5,2,0,58,0
246,2,0,60,0
246.5,2,0,62,0
247,2,0,61,0
247.5,2,0,63,0
248,2,0,66,0
248.5,2,0,64,0
249,2,0,67,0
249.5,2,0,69,0
250,2,0,72,0
250.5,2,0,70,0
251,2,0,72,0
251.5,2,0,75,0
252,2,0,73,0
252.5,2,0,76,0
253,2,0,78,0
253.5,2,0,76,0
254,2,0,79,0
254.5,2,0,81,0
255,2,0,84,0
255.5,2,0,82,0
256,2,0,84,0
256.5,2,0,87,0
257,2,0,85,0
257.5,2,0,88,0
258,2,0,90,0
258.5,2,0,89,0
259,2,0,92,0
259.5,2,0,94,0
260,2,0,92,0
260.5,2,0,95,0
261,2,0,97,0
261.5,2,0,100,0
262,2,0,98,0
262.5,2,0,101,0
263,2,0,103,0
263.5,2,0,101,0
264,2,0,104,0
264.5,2,0,106,0
265,2,0,105,0
265.5,2,0,107,0
266,2,0,110,0
266.5,2,0,108,0
267,2,60,109,295
267.5,2,60,111,288
268,2,0,115,0
268.5,2,0,114,0
269,2,0,116,0
269.5,2,0,119,0
270,2,0,117,0
270.5,2,0,120,0
271,1,33,123,139
271.5,0,42,121,139
272,1,33,123,140
272.5,1,33,126,142
273,2,0,128,0
273.5,1,33,126,0
274,2,60,129,152
274.5,2,60,132,154
275,2,60,130,155
275.5,2,60,133,155
276,2,60,135,157
276.5,2,60,134,158
277,2,60,136,159
277.5,1,57,138,160
278,0,54,137,162
278.5,0,54,140,164
279,2,48,142,165
279.5,1,45,140,167
280,2,48,143,169
280.5,2,48,145,171
281,1,45,147,173
281.5,1,45,145,176
282,1,33,148,179
282.5,2,0,151,0
283,2,0,149,0
283.5,2,60,151,227
284,2,60,150,226
284.5,2,60,154,224
285,2,60,154,222
285.5,2,60,157,219
286,2,60,159,217
286.5,2,60,158,215
287,2,60,159,214
287.5,2,60,160,213
288,2,60,161,212
288.5,2,60,164,210
289,2,60,166,208
289.5,2,60,167,208
290,2,60,167,207
290.5,2,60,168,207
291,2,60,171,207
291.5,2,60,171,207
292,2,60,173,207
292.5,2,36,172,0
293,1,33,175,0
293.5,2,60,177,219
294,2,60,179,222
294.5,2,60,177,227
295,2,0,181,0
295.5,2,60,183,227
296,2,60,181,223
296.5,2,60,181,225
297,2,60,185,226
297.5,2,60,186,226
298,2,60,185,226
298.5,2,60,190,227
299,2,60,189,229
299.5,2,60,190,234
300,2,0,193,0
300.5,2,0,196,0
301,1,45,197,140
301.5,2,60,191,474
302,2,60,194,474
302.5,2,60,192,480
303,2,60,194,486
303.5,2,60,197,491
304,2,60,199,497
304.5,2,60,197,505
305,2,60,200,517
305.5,2,0,205,0
306,2,0,207,0
306.5,2,0,210,0
307,2,60,206,512
307.5,2,60,205,507
308,2,60,207,498
308.5,2,60,210,494
309,2,60,208,493
309.5,2,60,211,490
310,2,60,214,484
310.5,2,60,216,483
311,2,60,215,474
311.5,2,60,217,471
312,2,60,216,462
312.5,2,60,219,456
313,2,60,221,452
313.5,2,60,224,446
314,2,60,222,444
314.5,2,60,225,443
315,2,60,227,443
315.5,2,60,225,444
316,2,60,228,446
316.5,2,60,231,448
317,2,60,229,454
317.5,2,60,232,388
318,2,60,235,399
318.5,2,60,233,404
319,2,60,236,412
319.5,2,60,238,423
320,2,60,237,435
320.5,2,60,239,440
321,2,60,241,449
321.5,2,60,243,466
322,2,0,248,0
322.5,2,0,250,0
323,2,0,249,0
323.5,2,60,244,2826
324,2,60,247,2963
324.5,2,60,245,3114
325,2,48,247,3272
325.5,2,0,257,0
326,2,0,260,0
326.5,2,60,251,3060
327,2,0,261,0
327.5,2,60,252,3328
328,2,60,255,3341
328.5,2,60,257,3328
329,2,60,260,3309
329.5,2,60,258,3292
330,2,60,261,3271
330.5,2,60,263,3274
331,2,60,262,3257
331.5,2,60,264,3252
332,2,60,267,3240
332.5,2,60,265,3234
333,2,0,275,0
333.5,2,60,270,3222
334,2,60,269,3226
334.5,2,60,271,3234
335,2,60,274,2704
335.5,2,0,283,0
336,2,0,282,0
336.5,2,0,285,0
337,2,0,287,0
337.5,2,0,286,0
338,2,0,288,0
338.5,2,0,291,0
339,2,0,289,0
339.5,2,0,292,0
340,2,0,294,0
340.5,2,0,293,0
341,2,0,295,0
341.5,2,0,298,0
342,2,0,297,0
342.5,2,0,299,0
343,2,0,302,0
343.5,2,0,300,0
344,2,0,303,0
344.5,2,0,305,0
345,2,0,308,0
345.5,2,0,306,0
346,2,60,307,280
346.5,2,60,307,279
347,2,60,309,285
347.5,2,60,305,3120
348,2,60,308,3037
348.5,2,0,313,0
349,2,0,316,0
349.5,2,0,318,0
350,1,57,316,416
350.5,2,48,315,413
351,0,42,317,404
351.5,0,42,320,396
352,2,48,319,391
352.5,0,42,321,384
353,1,33,320,381
353.5,2,36,322,378
354,2,48,325,373
354.5,1,57,324,371
355,0,54,327,368
355.5,2,60,329,368
356,0,54,331,363
356.5,1,45,330,363
357,2,48,333,361
357.5,2,48,335,361
358,2,60,333,360
358.5,0,54,337,359
359,2,60,339,360
359.5,2,60,337,361
360,2,60,340,363
360.5,2,60,342,364
361,0,54,341,366
361.5,0,42,344,372
362,1,33,346,378
362.5,1,57,348,383
363,2,48,347,386
363.5,0,54,349,390
364,1,45,352,393
364.5,1,45,351,396
365,2,60,354,226
365.5,2,60,357,224
366,1,60,359,223
366.5,2,60,0,222
367,2,60,2,222
367.5,2,60,2,224
368,2,60,2,227
368.5,2,60,5,258
369,2,60,6,262
369.5,2,60,8,266
370,2,60,6,268
370.5,2,60,9,0
371,2,60,12,0
371.5,2,60,12,287
372,2,60,11,289
372.5,2,60,13,293
373,2,60,13,297
373.5,2,60,14,303
374,2,60,18,312
374.5,2,60,19,322
375,2,60,17,329
375.5,2,60,19,336
376,2,60,22,350
376.5,2,60,24,351
377,2,60,23,357
377.5,2,60,25,367
378,2,60,27,376
378.5,2,60,25,385
379,2,60,28,397
379.5,2,60,30,414
380,2,60,28,433
380.5,2,0,36,0
381,2,60,38,214
381.5,2,60,37,200
382,2,60,39,189
382.5,2,60,42,181
383,2,60,41,173
383.5,2,60,44,166
384,2,60,47,159
384.5,2,60,46,154
385,2,60,48,149
385.5,2,60,48,146
386,2,60,49,143
386.5,2,60,52,142
387,2,60,54,140
387.5,0,54,53,139
388,2,0,55,0
388.5,2,0,58,0
389,2,0,56,0
389.5,2,0,59,0
390,2,0,61,0
390.5,2,0,64,0
391,2,0,62,0
391.5,2,0,65,0
392,2,0,68,0
392.5,2,0,66,0
393,2,0,69,0
393.5,2,0,71,0
394,2,0,70,0
394.5,2,0,73,0
395,2,0,75,0
395.5,2,0,74,0
396,2,0,76,0
396.5,2,0,79,0
397,2,0,77,0
397.5,2,0,80,0
398,2,0,83,0
398.5,2,0,81,0
399,2,0,84,0
399.5,2,0,86,0
400,2,0,85,0
400.5,2,0,87,0
401,2,0,90,0
401.5,2,0,89,0
402,2,0,92,0
402.5,2,0,94,0
403,2,0,93,0
403.5,2,0,96,0
404,2,0,98,0
404.5,2,0,97,0
405,2,0,99,0
405.5,2,0,102,0
406,2,0,101,0
406.5,2,0,103,0
407,2,0,106,0
407.5,2,0,104,0
408,2,0,107,0
408.5,2,0,110,0
409,2,0,108,0
409.5,2,60,110,295
410,2,60,108,289
410.5,2,0,116,0
411,2,0,115,0
411.5,2,0,117,0
412,2,0,120,0
412.5,2,0,118,0
413,0,30,121,139
413.5,0,42,123,139
414,0,42,123,141
414.5,1,33,125,0
415,2,36,127,0
415.5,1,33,126,151
416,2,48,129,152
416.5,2,60,132,155
417,2,60,130,155
417.5,2,60,133,156
418,2,60,135,156
418.5,2,60,134,159
419,1,57,137,160
419.5,2,60,139,161
420,1,57,138,162
420.5,2,48,141,164
421,1,45,143,166
421.5,0,42,142,168
422,1,45,145,170
422.5,0,42,147,173
423,1,45,145,176
423.5,2,36,147,179
424,2,0,151,0
424.5,2,0,149,0
425,2,60,151,227
425.5,2,60,154,226
426,2,60,154,223
426.5,2,60,155,221
427,2,60,158,218
427.5,2,60,156,216
428,2,60,159,214
428.5,2,60,160,213
429,2,60,163,213
429.5,2,60,162,211
430,2,60,165,209
430.5,2,60,164,208
431,2,60,168,207
431.5,2,60,170,207
432,2,60,168,207
432.5,2,60,171,206
433,2,60,174,207
433.5,1,45,173,143
434,2,0,175,0
434.5,2,60,178,219
435,2,60,176,223
435.5,2,60,177,227
436,2,0,182,0
436.5,2,60,183,223
437,2,60,183,224
437.5,2,60,185,225
438,2,60,187,226
438.5,2,60,187,226
439,2,60,188,227
439.5,2,60,191,229
440,2,60,191,234
440.5,2,0,194,0
441,2,0,192,0
441.5,2,36,195,140
442,2,60,192,472
442.5,2,60,195,476
443,2,60,193,483
443.5,2,60,195,488
444,2,60,198,494
444.5,2,60,196,502
445,2,60,199,512
445.5,1,45,202,527
446,2,0,207,0
446.5,2,0,209,0
447,2,60,206,512
447.5,2,60,205,507
448,2,60,208,499
448.5,2,60,210,493
449,2,60,209,492
449.5,2,60,212,492
450,2,60,214,482
450.5,2,60,213,485
451,2,60,216,473
451.5,2,60,218,467
452,2,60,217,458
452.5,2,60,220,453
453,2,60,222,449
453.5,2,60,221,445
454,2,60,224,443
454.5,2,60,227,443
455,2,60,225,444
455.5,2,60,228,446
456,2,60,231,449
456.5,2,60,229,455
457,2,60,233,389
457.5,2,60,236,402
458,2,60,234,407
458.5,2,60,236,417
459,2,60,239,428
459.5,2,60,238,437
460,2,60,240,445
460.5,2,60,244,0
461,2,60,247,0
461.5,2,0,249,0
462,2,0,248,0
462.5,1,57,244,2830
463,2,60,246,2958
463.5,2,60,245,3121
464,0,54,248,3283
464.5,2,0,257,0
465,2,60,249,3073
465.5,2,0,259,0
466,2,0,262,0
466.5,2,60,253,3332
467,2,60,256,3340
467.5,2,60,258,3315
468,2,60,257,3302
468.5,2,60,260,3272
469,2,60,263,3271
469.5,2,60,261,3260
470,2,60,264,3253
470.5,2,60,267,3240
471,2,60,265,3233
471.5,2,0,275,0
472,2,60,271,3229
472.5,2,60,269,3229
473,2,60,272,3228
473.5,2,0,282,0
474,2,0,281,0
474.5,2,0,283,0
475,2,0,286,0
475.5,2,0,285,0
476,2,0,287,0
476.5,2,0,290,0
477,2,0,289,0
477.5,2,0,291,0
478,2,0,294,0
478.5,2,0,293,0
479,2,0,295,0
479.5,2,0,298,0
480,2,0,297,0
480.5,2,0,300,0
481,2,0,302,0
481.5,2,0,301,0
482,2,0,304,0
482.5,2,0,306,0
483,2,0,305,0
483.5,0,54,306,278
484,2,60,306,279
484.5,2,60,309,281
485,2,60,305,3139
485.5,2,60,307,3047
486,2,60,306,4082
486.5,2,0,316,0
487,2,0,318,0
487.5,0,54,313,416
488,0,42,315,411
488.5,0,42,318,401
489,1,45,317,395
489.5,2,36,319,390
490,2,36,322,382
490.5,2,0,325,0
491,1,45,324,376
491.5,1,57,327,371
492,2,48,326,370
492.5,2,60,328,368
493,2,48,331,364
493.5,2,48,330,364
494,0,54,333,361
494.5,2,48,335,361
495,2,60,334,360
495.5,1,57,336,360
496,2,60,340,360
496.5,2,60,338,362
497,2,60,341,364
497.5,0,54,344,364
498,0,54,342,370
498.5,2,36,344,376
499,2,36,347,381
499.5,0,54,346,384
500,0,54,349,388
500.5,0,54,351,392
501,0,42,350,395
501.5,2,60,354,227
502,2,60,357,224
502.5,1,60,358,222
503,2,60,359,222
503.5,2,60,1,222
504,2,60,2,224
504.5,2,60,5,228
505,2,60,4,259
505.5,2,60,7,263
506,2,60,5,266
506.5,2,60,12,0
507,2,60,11,0
507.5,2,60,9,286
508,2,60,12,288
508.5,2,60,13,292
509,2,60,15,297
509.5,2,60,14,302
510,2,60,17,311
510.5,2,60,18,322
511,2,60,18,329
511.5,2,60,20,336
512,2,60,23,350
512.5,2,60,21,352
513,2,60,23,359
513.5,2,60,26,370
514,2,60,25,379
514.5,2,60,27,390
515,2,60,30,405
515.5,2,60,33,0
516,2,60,35,0
516.5,2,60,38,218
517,2,60,36,203
517.5,2,60,39,191
518,2,60,42,182
518.5,2,60,41,173
519,2,60,45,166
519.5,2,60,47,159
520,2,60,46,152
520.5,2,60,49,149
521,2,60,51,145
521.5,2,60,50,143
522,2,60,55,141
522.5,2,60,56,139
523,2,0,54,0
523.5,2,0,57,0
524,2,0,59,0
524.5,2,0,58,0
525,2,0,61,0
525.5,2,0,63,0
526,2,0,62,0
526.5,2,0,65,0
527,2,0,68,0
527.5,2,0,67,0
528,2,0,69,0
528.5,2,0,68,0
529,2,0,71,0
529.5,2,0,74,0
530,2,0,72,0
530.5,2,0,75,0
531,2,0,78,0
531.5,2,0,76,0
532,2,0,79,0
532.5,2,0,82,0
533,2,0,81,0
533.5,2,0,83,0
534,2,0,86,0
534.5,2,0,85,0
535,2,0,88,0
535.5,2,0,90,0
536,2,0,90,0
536.5,2,0,92,0
537,2,0,95,0
537.5,2,0,94,0
538,2,0,97,0
538.5,2,0,99,0
539,2,0,98,0
539.5,2,0,101,0
540,2,0,104,0
540.5,2,0,102,0
541,2,0,105,0
541.5,2,0,108,0
542,2,0,107,0
542.5,2,0,109,0
543,2,0,108,0
543.5,2,60,109,294
544,2,60,108,289
544.5,2,0,112,0
545,2,0,115,0
545.5,2,0,118,0
546,2,0,117,0
546.5,2,0,119,0
547,2,24,123,139
547.5,0,42,122,140
548,2,36,124,139
548.5,0,30,127,147
549,2,0,125,0
549.5,2,48,129,153
550,2,60,131,154
550.5,2,60,130,156
551,2,60,133,156
551.5,2,60,136,157
552,2,60,134,158
552.5,2,60,137,160
553,2,60,140,161
553.5,0,54,139,163
554,2,48,142,165
554.5,0,54,140,167
555,1,45,143,170
555.5,2,48,146,173
556,1,45,148,174
556.5,1,33,146,177
557,2,0,150,0
557.5,2,0,149,0
558,2,60,149,228
558.5,2,60,154,226
559,2,60,152,223
559.5,2,60,155,221
560,2,60,157,219
560.5,2,60,157,216
561,2,60,159,214
561.5,2,60,162,213
562,2,60,162,212
562.5,2,60,164,210
563,2,60,167,208
563.5,2,60,168,208
564,2,60,168,207
564.5,2,60,171,207
565,2,60,170,206
565.5,2,60,173,206
566,2,60,175,211
566.5,0,42,177,147
567,2,60,177,219
567.5,2,60,179,222
568,2,60,179,226
568.5,2,0,182,0
569,2,60,182,223
569.5,2,60,181,224
570,2,60,185,226
570.5,2,60,186,226
571,2,60,185,226
571.5,2,60,190,228
572,2,60,191,230
572.5,2,0,192,0
573,2,0,195,0
573.5,1,45,194,140
574,2,0,197,0
574.5,2,60,194,474
575,2,60,192,481
575.5,2,60,195,487
576,2,60,198,494
576.5,2,60,196,502
577,2,60,199,511
577.5,2,36,202,529
578,2,0,207,0
578.5,2,0,210,0
579,2,60,207,514
579.5,2,60,206,504
580,2,60,208,497
580.5,2,60,211,493
581,2,60,210,492
581.5,2,60,213,486
582,2,60,215,483
582.5,2,60,214,474
583,2,60,217,470
583.5,2,60,216,460
584,2,60,219,454
584.5,2,60,222,451
585,2,60,221,445
585.5,2,60,224,443
586,2,60,226,443
586.5,2,60,225,444
587,2,60,229,446
587.5,2,60,231,449
588,2,60,230,456
588.5,2,60,234,391
589,2,60,232,405
589.5,2,60,235,410
590,2,60,238,421
590.5,2,60,236,434
591,2,60,239,440
591.5,2,60,242,452
592,2,60,240,474
592.5,2,0,249,0
593,2,0,251,0
593.5,2,0,250,0
594,2,60,246,2941
594.5,2,60,245,3086
595,2,48,248,3267
595.5,2,0,257,0
596,2,60,249,3071
596.5,0,42,252,3078
597,2,0,262,0
597.5,2,60,254,3341
598,2,60,257,3326
598.5,2,60,259,3312
599,2,60,258,3298
599.5,2,60,261,3281
600,2,60,264,3262
600.5,2,60,263,3259
601,2,60,265,3240
601.5,2,60,264,3232
602,2,60,267,2710
602.5,2,60,270,3226
603,2,60,269,3224
603.5,2,60,271,3237
604,2,60,275,2711
604.5,2,0,280,0
605,2,0,283,0
605.5,2,0,286,0
606,2,0,285,0
606.5,2,0,288,0
607,2,0,291,0
607.5,2,0,289,0
608,2,0,292,0
608.5,2,0,295,0
609,2,0,294,0
609.5,2,0,297,0
610,2,0,300,0
610.5,2,0,298,0
611,2,0,301,0
611.5,1,33,299,283
612,2,0,303,0
612.5,2,0,306,0
613,2,0,305,0
613.5,2,0,307,0
614,2,60,304,279
614.5,2,60,309,281
615,2,60,305,3131
615.5,2,60,308,3053
616,2,0,313,0
616.5,2,0,316,0
617,2,0,319,0
617.5,2,48,313,415
618,2,36,316,408
618.5,1,45,319,398
619,1,45,317,392
619.5,2,36,321,386
620,0,30,324,381
620.5,2,36,322,379
621,2,60,326,373
621.5,0,54,325,370
622,2,60,328,369
622.5,0,54,330,366
623,2,60,329,364
623.5,0,54,332,362
624,2,48,335,361
624.5,2,60,335,359
625,0,54,337,359
625.5,2,60,339,361
626,2,60,338,362
626.5,2,60,342,364
627,1,57,344,366
627.5,0,42,343,371
628,0,42,346,379
628.5,1,45,348,382
629,2,48,347,386
629.5,0,54,349,391
630,1,45,348,394
630.5,2,48,353,226
631,2,60,358,225
631.5,1,60,357,223
632,2,60,358,222
632.5,2,60,3,222
633,2,60,2,224
633.5,2,60,4,227
634,2,60,4,259
634.5,2,60,7,263
635,2,60,6,266
635.5,2,60,8,0
636,2,60,11,0
636.5,2,60,8,286
637,2,60,11,289
637.5,2,60,13,293
638,2,60,12,298
638.5,2,60,16,305
639,2,60,18,319
639.5,2,60,17,326
640,2,60,19,332
640.5,2,60,22,348
641,2,60,23,351
641.5,2,60,22,356
642,2,60,25,368
642.5,2,60,28,378
643,2,60,26,388
643.5,2,60,29,402
644,2,60,33,0
644.5,2,60,35,0
645,2,60,38,217
645.5,2,60,37,201
646,2,60,39,189
646.5,2,60,42,180
647,2,60,43,171
647.5,2,60,45,163
648,2,60,44,156
648.5,2,60,47,150
649,2,60,50,145
649.5,2,60,49,144
650,2,60,51,142
650.5,2,60,55,140
651,1,33,53,139
651.5,2,0,56,0
652,2,0,59,0
652.5,2,0,58,0
653,2,0,60,0
653.5,2,0,63,0
654,2,0,62,0
654.5,2,0,65,0
655,2,0,64,0
655.5,2,0,67,0
656,2,0,70,0
656.5,2,0,69,0
657,2,0,72,0
657.5,2,0,74,0
658,2,0,73,0
658.5,2,0,76,0
659,2,0,79,0
659.5,2,0,78,0
660,2,0,81,0
660.5,2,0,84,0
661,2,0,83,0
661.5,2,0,85,0
662,2,0,84,0
662.5,2,0,87,0
663,2,0,90,0
663.5,2,0,89,0
664,2,0,92,0
664.5,2,0,95,0
665,2,0,94,0
665.5,2,0,97,0
666,2,0,100,0
666.5,2,0,99,0
667,2,0,102,0
667.5,2,0,101,0
668,2,0,103,0
668.5,2,0,106,0
669,2,0,105,0
669.5,2,0,108,0
670,2,0,111,0
670.5,2,60,109,295
671,2,60,111,287
671.5,2,0,116,0
672,2,0,115,0
672.5,2,0,118,0
673,2,0,116,0
673.5,2,0,119,0
674,2,0,122,0
674.5,0,42,124,140
675,1,33,125,139
675.5,1,33,127,148
676,1,33,126,151
676.5,0,54,129,153
677,2,60,128,154
677.5,2,60,131,155
678,2,60,134,157
678.5,2,60,133,157
679,2,60,136,158
679.5,2,60,139,160
680,1,57,138,162
680.5,2,48,141,164
681,2,36,144,167
681.5,0,42,143,168
682,2,48,145,171
682.5,0,54,148,0
683,2,36,147,0
683.5,2,0,150,0
684,2,0,149,0
684.5,2,60,151,0
685,2,60,152,226
685.5,2,60,153,223
686,2,60,156,220
686.5,2,60,159,218
687,2,60,160,215
687.5,2,60,158,214
688,2,60,162,213
688.5,2,60,163,211
689,2,60,165,209
689.5,2,60,164,208
690,2,60,167,207
690.5,2,60,170,207
691,2,60,169,206
691.5,2,60,171,206
692,2,60,175,209
692.5,0,54,175,145
693,2,60,177,219
693.5,2,60,180,221
694,2,60,177,227
694.5,2,0,182,0
695,2,60,183,223
695.5,2,60,184,224
696,2,60,186,226
696.5,2,60,186,225
697,2,60,186,227
697.5,2,60,188,229
698,2,60,189,232
698.5,2,0,194,0
699,2,0,193,0
699.5,2,36,196,139
700,2,60,193,474
700.5,2,60,195,478
701,2,60,194,486
701.5,2,60,197,492
702,2,60,200,499
702.5,2,60,199,510
703,2,60,202,528
703.5,2,0,207,0
704,2,0,210,0
704.5,2,60,207,514
705,2,60,206,503
705.5,2,60,209,495
706,2,60,212,493
706.5,2,60,211,490
707,2,60,213,484
707.5,2,60,213,485
708,2,60,216,472
708.5,2,60,219,465
709,2,60,218,457
709.5,2,60,221,453
710,2,60,220,446
710.5,2,60,223,444
711,2,60,226,443
711.5,2,60,225,444
712,2,60,228,447
712.5,2,60,231,449
713,2,60,229,456
713.5,2,60,234,391
714,2,60,233,404
714.5,2,60,235,410
715,2,60,238,423
715.5,2,60,237,436
716,2,60,240,443
716.5,2,60,248,0
717,2,60,247,0
717.5,2,0,250,0
718,2,0,249,0
718.5,2,60,245,2849
719,2,60,247,3014
719.5,2,60,246,3193
720,2,0,256,0
720.5,2,0,259,0
721,2,60,251,3069
721.5,2,0,261,0
722,2,60,253,3322
722.5,2,60,256,3333
723,2,60,259,3322
723.5,2,60,258,3298
724,2,60,261,3275
724.5,2,60,260,3265
725,2,60,263,3264
725.5,2,60,266,3255
726,2,60,265,3236
726.5,2,0,275,0
727,2,60,271,3234
727.5,2,60,270,3224
728,2,60,273,3247
728.5,2,0,283,0
729,2,0,282,0
729.5,2,0,285,0
730,2,0,288,0
730.5,2,0,287,0
731,2,0,290,0
731.5,2,0,289,0
732,2,0,292,0
732.5,2,0,295,0
733,2,0,294,0
733.5,2,0,297,0
734,2,0,300,0
734.5,2,0,299,0
735,2,0,302,0
735.5,2,0,301,0
736,2,0,304,0
736.5,2,0,307,0
737,2,0,305,0
737.5,2,60,304,280
738,2,60,306,279
738.5,2,0,310,0
739,2,60,306,3101
739.5,2,60,305,4054
740,2,0,315,0
740.5,2,0,318,0
741,0,54,313,415
741.5,2,36,315,410
742,2,36,319,399
742.5,1,45,318,394
743,2,36,321,388
743.5,0,30,323,381
744,2,36,323,379
744.5,2,60,326,372
745,0,54,325,371
745.5,2,60,328,367
746,2,48,331,365
746.5,1,45,331,363
747,2,48,333,361
747.5,2,48,332,359
748,2,60,335,360
748.5,2,60,339,361
749,2,60,337,361
749.5,2,60,340,363
750,1,57,343,366
750.5,1,45,342,369
751,2,36,345,375
751.5,2,36,347,382
752,2,48,346,385
752.5,0,54,349,391
753,2,48,352,394
753.5,2,48,355,225
754,2,60,358,225
754.5,1,60,358,223
755,2,60,358,222
755.5,2,60,3,222
756,2,60,2,224
756.5,2,60,1,256
757,2,60,5,261
757.5,2,60,6,265
758,2,60,6,268
758.5,2,60,10,0
759,2,60,13,0
759.5,2,60,10,288
760,2,60,13,291
760.5,2,60,15,297
761,2,60,14,303
761.5,2,60,17,313
762,2,60,20,324
762.5,2,60,19,332
763,2,60,22,347
763.5,2,60,24,351
764,2,60,23,356
764.5,2,60,25,369
765,2,60,24,378
765.5,2,60,27,390
766,2,60,29,406
766.5,2,60,28,429
767,2,0,36,0
767.5,2,60,39,212
768,2,60,38,197
768.5,2,60,41,185
769,2,60,40,175
769.5,2,60,44,167
770,2,60,47,160
770.5,2,60,46,153
771,2,60,49,149
771.5,2,60,48,145
772,2,60,51,142
772.5,2,60,54,141
773,0,54,53,139
773.5,2,0,56,0
774,2,0,59,0
774.5,2,0,58,0
775,2,0,61,0
775.5,2,0,64,0
776,2,0,63,0
776.5,2,0,66,0
777,2,0,65,0
777.5,2,0,68,0
778,2,0,71,0
778.5,2,0,70,0
779,2,0,73,0
779.5,2,0,76,0
780,2,0,75,0
780.5,2,0,78,0
781,2,0,77,0
781.5,2,0,80,0
782,2,0,83,0
782.5,2,0,82,0
783,2,0,85,0
783.5,2,0,88,0
784,2,0,87,0
784.5,2,0,90,0
785,2,0,89,0
785.5,2,0,92,0
786,2,0,95,0
786.5,2,0,94,0
787,2,0,97,0
787.5,2,0,96,0
788,2,0,99,0
788.5,2,0,102,0
789,2,0,101,0
789.5,2,0,104,0
790,2,0,108,0
790.5,2,0,107,0
791,2,0,110,0
791.5,2,0,109,0
792,2,60,109,292
792.5,2,60,109,294
793,2,0,114,0
793.5,2,0,117,0
794,2,0,120,0
794.5,2,24,120,139
795,1,33,120,139
795.5,1,33,121,0
796,0,30,124,0
796.5,2,36,127,139
797,2,36,126,151
797.5,0,54,129,153
798,2,60,128,154
798.5,2,60,131,156
799,2,60,135,156
799.5,2,60,134,158
800,2,60,137,159
800.5,1,57,140,161
801,0,54,139,163
801.5,0,54,142,164
802,2,48,141,167
802.5,0,54,144,170
803,0,42,146,173
803.5,2,36,145,175
804,1,33,148,178
804.5,2,0,152,0
805,2,60,150,229
805.5,2,60,153,227
806,2,60,152,223
806.5,2,60,152,221
807,2,60,156,218
807.5,2,60,157,215
808,2,60,160,214
808.5,2,60,164,213
809,2,60,163,211
809.5,2,60,164,209
810,2,60,165,208
810.5,2,60,168,207
811,2,60,171,207
811.5,2,60,170,206
812,2,60,173,207
812.5,0,42,173,148
813,2,0,176,0
813.5,2,60,178,220
814,2,60,179,226
814.5,2,0,181,0
815,2,60,181,225
815.5,2,60,182,224
816,2,60,185,226
816.5,2,60,186,226
817,2,60,186,226
817.5,2,60,190,228
818,2,60,191,232
818.5,2,0,193,0
819,2,0,192,0
819.5,2,24,196,140
820,2,60,193,474
820.5,2,60,196,478
821,2,60,195,486
821.5,2,60,198,492
822,2,60,196,501
822.5,2,60,199,512
823,2,0,205,0
823.5,2,0,208,0
824,2,0,211,0
824.5,2,60,208,511
825,2,60,207,500
825.5,2,60,210,493
826,2,60,209,492
826.5,2,60,212,490
827,2,60,216,482
827.5,2,60,214,474
828,2,60,218,469
828.5,2,60,217,459
829,2,60,220,454
829.5,2,60,224,448
830,2,60,222,444
830.5,2,60,226,442
831,2,60,225,444
831.5,2,60,228,446
832,2,60,231,449
832.5,2,60,230,456
833,2,60,234,391
833.5,2,60,232,404
834,2,60,236,411
834.5,2,60,239,425
835,2,60,237,436
835.5,2,60,241,444
836,2,60,243,463
836.5,2,0,248,0
837,2,0,251,0
837.5,2,0,250,0
838,2,60,253,0
838.5,2,60,245,3082
839,1,57,248,3294
839.5,2,0,258,0
840,2,60,250,3026
840.5,2,0,260,0
841,2,60,252,3331
841.5,2,60,255,3328
842,2,60,258,3314
842.5,2,60,257,3294
843,2,60,261,3279
843.5,2,60,264,3278
844,2,60,263,3260
844.5,2,60,266,3259
845,2,60,265,3243
845.5,2,0,275,0
846,2,60,271,3236
846.5,2,60,270,3227
847,2,60,273,3229
847.5,2,0,283,0
848,2,0,283,0
848.5,2,0,286,0
849,2,0,285,0
849.5,2,0,288,0
850,2,0,291,0
850.5,2,0,290,0
851,2,0,293,0
851.5,2,0,292,0
852,2,0,295,0
852.5,2,0,298,0
853,2,0,297,0
853.5,2,0,301,0
854,2,60,298,282
854.5,2,0,303,0
855,2,0,306,0
855.5,2,0,305,0
856,2,60,307,280
856.5,2,60,306,279
857,2,60,310,285
857.5,2,60,306,3093
858,2,60,305,4054
858.5,2,0,315,0
859,2,0,318,0
859.5,0,54,312,415
860,2,36,316,409
860.5,2,48,319,398
861,1,45,318,391
861.5,1,45,322,386
862,1,33,320,379
862.5,1,45,324,376
863,2,60,327,371
863.5,0,54,327,368
864,1,57,329,366
864.5,0,54,329,365
865,2,48,332,361
865.5,2,48,335,361
866,2,60,334,360
866.5,0,54,338,360
867,2,60,340,361
867.5,2,60,339,362
868,2,60,342,364
868.5,2,48,341,368
869,2,36,345,373
869.5,1,33,348,380
870,2,48,346,384
870.5,0,54,349,390
871,0,42,352,393
871.5,2,36,351,397
872,2,60,358,225
872.5,1,60,356,223
873,2,60,358,222
873.5,2,60,4,222
874,2,60,3,225
874.5,2,60,1,257
875,2,60,7,262
875.5,2,60,7,266
876,2,60,12,0
876.5,2,60,11,0
877,2,60,9,286
877.5,2,60,12,288
878,2,60,13,294
878.5,2,60,13,300
879,2,60,16,307
879.5,2,60,19,321
880,2,60,17,329
880.5,2,60,20,337
881,2,60,23,351
881.5,2,60,22,353
882,2,60,24,365
882.5,2,60,27,376
883,2,60,27,387
883.5,2,60,30,402
884,2,60,33,0
884.5,2,60,36,0
885,2,60,36,213
885.5,2,60,38,197
886,2,60,41,185
886.5,2,60,40,175
887,2,60,44,166
887.5,2,60,47,159
888,2,60,47,151
888.5,2,60,50,147
889,2,60,49,144
889.5,2,60,54,142
890,2,60,55,140
890.5,2,0,54,0
891,2,0,57,0
891.5,2,0,60,0
892,2,0,59,0
892.5,2,0,62,0
893,2,0,61,0
893.5,2,0,64,0
894,2,0,67,0
894.5,2,0,66,0
895,2,0,70,0
895.5,2,0,69,0
896,2,0,72,0
896.5,2,0,75,0
897,2,0,74,0
897.5,2,0,77,0
898,2,0,76,0
898.5,2,0,79,0
899,2,0,83,0
899.5,2,0,82,0
900,2,0,85,0
900.5,2,0,88,0
901,2,0,87,0
901.5,2,0,90,0
902,2,0,90,0
902.5,2,0,93,0
903,2,0,96,0
903.5,2,0,95,0
904,2,0,98,0
904.5,2,0,97,0
905,2,0,100,0
905.5,2,0,103,0
906,2,0,103,0
906.5,2,0,106,0
907,2,0,105,0
907.5,2,0,108,0
908,2,0,111,0
908.5,2,60,109,296
909,2,60,112,288
909.5,2,0,112,0
910,2,0,116,0
910.5,2,0,119,0
911,2,0,118,0
911.5,1,33,122,139
912,1,45,123,139
912.5,2,36,124,139
913,1,33,127,148
913.5,2,0,126,0
914,0,54,129,152
914.5,2,60,128,154
915,2,60,131,156
915.5,2,60,135,157
916,2,60,134,158
916.5,2,60,137,159
917,1,57,140,161
917.5,2,48,139,163
918,0,54,142,165
918.5,0,54,142,167
919,0,42,145,170
919.5,0,42,147,173
920,2,36,146,176
920.5,2,0,150,0
921,2,0,149,0
921.5,2,60,152,0
922,2,60,151,226
922.5,2,60,153,223
923,2,60,155,220
923.5,2,60,158,217
924,2,60,159,214
924.5,2,60,162,213
925,2,60,161,212
925.5,2,60,165,210
926,2,60,168,208
926.5,2,60,167,207
927,2,60,170,207
927.5,2,60,169,206
928,2,60,170,207
928.5,2,60,175,210
929,2,0,175,0
929.5,2,60,178,219
930,2,60,177,225
930.5,2,0,181,0
931,2,60,183,225
931.5,2,60,183,224
932,2,60,184,226
932.5,2,60,185,226
933,2,60,188,226
933.5,2,60,188,228
934,2,60,191,232
934.5,2,0,194,0
935,1,33,193,139
935.5,1,33,197,139
936,2,60,193,474
936.5,2,60,192,481
937,2,60,195,488
937.5,2,60,198,494
938,2,60,198,504
938.5,2,60,201,521
939,2,0,206,0
939.5,2,0,209,0
940,2,60,206,513
940.5,2,60,206,504
941,2,60,209,495
941.5,2,60,208,492
942,2,60,211,490
942.5,2,60,215,481
943,2,60,214,486
943.5,2,60,217,472
944,2,60,216,461
944.5,2,60,220,454
945,2,60,223,449
945.5,2,60,222,444
946,2,60,225,442
946.5,2,60,224,444
947,2,60,228,446
947.5,2,60,231,448
948,2,60,230,455
948.5,2,60,234,392
949,2,60,233,404
949.5,2,60,236,413
950,2,60,239,427
950.5,2,60,238,437
951,2,60,241,448
951.5,2,60,243,467
952,2,0,249,0
952.5,2,0,252,0
953,2,48,244,2838
953.5,2,60,247,2983
954,2,60,246,3179
954.5,2,0,256,0
955,2,0,260,0
955.5,0,54,252,3058
956,2,0,262,0
956.5,2,60,254,3329
957,2,60,257,3322
957.5,2,60,256,3304
958,2,60,260,3283
958.5,2,60,263,3273
959,2,60,262,3261
959.5,2,60,265,3262
960,2,60,264,3231
960.5,2,60,268,2704
961,2,60,271,3225
961.5,2,60,270,3226
962,2,60,273,3233
962.5,2,0,283,0
963,2,0,283,0
963.5,2,0,286,0
964,2,0,285,0
964.5,2,0,288,0
965,2,0,291,0
965.5,2,0,291,0
966,2,0,294,0
966.5,2,0,293,0
967,2,0,296,0
967.5,2,0,299,0
968,2,0,298,0
968.5,2,0,302,0
969,2,0,301,0
969.5,2,0,304,0
970,2,0,307,0
970.5,2,0,306,0
971,2,60,308,279
971.5,2,60,309,280
972,2,60,305,3130
972.5,2,60,304,3031
973,2,60,307,4065
973.5,2,0,317,0
974,2,48,316,417
974.5,0,42,315,413
975,2,36,319,400
975.5,1,45,318,392
976,0,42,321,386
976.5,1,33,321,384
977,0,42,323,375
977.5,2,60,327,371
978,0,54,326,369
978.5,0,54,329,366
979,1,57,329,364
979.5,2,48,332,362
980,0,54,336,361
980.5,2,60,334,360
981,2,60,338,360
981.5,1,57,337,361
982,2,60,340,361
982.5,0,54,343,366
983,1,45,342,371
983.5,0,42,346,377
984,2,48,344,383
984.5,2,48,348,388
985,0,54,351,392
985.5,1,45,349,396
986,2,60,354,226
986.5,1,60,356,224
987,2,60,358,222
987.5,2,60,2,222
988,2,60,2,223
988.5,2,60,3,228
989,2,60,5,260
989.5,2,60,6,265
990,2,60,7,268
990.5,2,60,10,277
991,2,60,9,286
991.5,2,60,12,288
992,2,60,13,293
992.5,2,60,12,299
993,2,60,15,307
993.5,2,60,18,321
994,2,60,17,329
994.5,2,60,21,339
995,2,60,24,351
995.5,2,60,22,355
996,2,60,25,368
996.5,2,60,24,379
997,2,60,28,392
997.5,2,60,30,411
998,2,60,29,435
998.5,2,60,37,223
999,2,60,38,206
999.5,2,60,39,191
1000,2,60,42,180
1000.5,2,60,43,170
1001,2,60,46,161
1001.5,2,60,45,154
1002,2,60,49,149
1002.5,2,60,52,145
1003,2,60,52,142
1003.5,2,60,54,141
1004,0,42,53,139
1004.5,2,0,56,0
1005,2,0,59,0
1005.5,2,0,59,0
1006,2,0,62,0
1006.5,2,0,61,0
1007,2,0,64,0
1007.5,2,0,67,0
1008,2,0,67,0
1008.5,2,0,70,0
1009,2,0,69,0
1009.5,2,0,72,0
1010,2,0,76,0
1010.5,2,0,75,0
1011,2,0,78,0
1011.5,2,0,77,0
1012,2,0,81,0
1012.5,2,0,84,0
1013,2,0,83,0
1013.5,2,0,86,0
1014,2,0,85,0
1014.5,2,0,89,0
1015,2,0,88,0
1015.5,2,0,91,0
1016,2,0,95,0
1016.5,2,0,94,0
1017,2,0,97,0
1017.5,2,0,96,0
1018,2,0,100,0
1018.5,2,0,103,0
1019,2,0,102,0
1019.5,2,0,105,0
1020,2,0,105,0
1020.5,2,0,108,0
1021,2,0,111,0
1021.5,2,60,109,296
1022,2,60,109,289
1022.5,2,0,113,0
1023,2,0,116,0
1023.5,2,0,119,0
1024,2,0,119,0
1024.5,0,30,122,139
1025,1,33,124,140
1025.5,1,33,127,142
1026,0,42,124,145
1026.5,1,33,127,155
1027,2,60,131,153
1027.5,2,60,130,155
1028,2,60,133,156
1028.5,2,60,132,156
1029,2,60,136,159
1029.5,1,57,139,160
1030,0,54,138,162
1030.5,2,48,141,164
1031,0,42,141,166
1031.5,2,48,144,169
1032,0,42,146,173
1032.5,0,42,145,176
1033,2,0,149,0
1033.5,2,0,148,0
1034,2,60,152,0
1034.5,2,60,154,226
1035,2,60,156,222
1035.5,2,60,155,220
1036,2,60,158,216
1036.5,2,60,159,214
1037,2,60,162,213
1037.5,2,60,162,211
1038,2,60,165,209
1038.5,2,60,165,207
1039,2,60,168,207
1039.5,2,60,171,206
1040,2,60,170,206
1040.5,2,60,174,206
1041,2,60,174,144
1041.5,2,60,176,217
1042,2,60,177,222
1042.5,2,60,177,227
1043,2,0,183,0
1043.5,2,60,180,223
1044,2,60,185,224
1044.5,2,60,188,226
1045,2,60,187,225
1045.5,2,60,190,228
1046,2,60,190,231
1046.5,2,0,193,0
1047,2,0,193,0
1047.5,2,0,196,0
1048,2,60,193,474
1048.5,2,60,192,481
1049,2,60,196,489
1049.5,2,60,199,496
1050,2,60,198,506
1050.5,2,60,201,523
1051,2,0,207,0
1051.5,2,0,210,0
1052,2,60,207,514
1052.5,2,60,207,500
1053,2,60,210,494
1053.5,2,60,209,493
1054,2,60,213,487
1054.5,2,60,216,482
1055,2,60,216,473
1055.5,2,60,219,465
1056,2,60,218,457
1056.5,2,60,222,452
1057,2,60,221,446
1057.5,2,60,224,443
1058,2,60,228,443
1058.5,2,60,227,445
1059,2,60,230,448
1059.5,2,60,229,454
1060,2,60,233,391
1060.5,2,60,233,404
1061,2,60,236,412
1061.5,2,60,238,427
1062,2,60,238,437
1062.5,2,60,241,449
1063,2,60,244,470
1063.5,2,0,249,0
1064,2,0,248,0
1064.5,2,60,245,2843
1065,2,60,248,3012
1065.5,2,60,247,3240
1066,2,0,257,0
1066.5,2,60,250,3066
1067,2,0,260,0
1067.5,2,60,252,3326
1068,2,60,255,3330
1068.5,2,60,259,3312
1069,2,60,258,3296
1069.5,2,60,261,3269
1070,2,60,261,3259
1070.5,2,60,264,3256
1071,2,60,267,3244
1071.5,2,60,266,3245
1072,2,60,270,3232
1072.5,2,60,269,3228
1073,2,60,272,3243
1073.5,2,0,283,0
1074,2,0,282,0
1074.5,2,0,286,0
1075,2,0,285,0
1075.5,2,0,288,0
1076,2,0,291,0
1076.5,2,0,291,0
1077,2,0,294,0
1077.5,2,0,293,0
1078,2,0,297,0
1078.5,2,0,300,0
1079,2,0,299,0
1079.5,2,0,303,0
1080,2,0,302,0
1080.5,2,0,305,0
1081,2,0,304,0
1081.5,0,42,307,283
1082,2,60,306,279
1082.5,2,60,308,286
1083,2,60,306,3085
1083.5,2,60,305,4082
1084,2,0,316,0
1084.5,1,33,315,424
1085,0,54,314,414
1085.5,2,36,317,403
1086,1,45,317,395
1086.5,1,33,320,385
1087,1,33,324,383
1087.5,2,36,323,377
1088,2,60,326,373
1088.5,2,48,326,369
1089,2,60,329,368
1089.5,0,54,328,364
1090,2,48,332,361
1090.5,0,54,335,360
1091,2,60,335,360
1091.5,2,60,338,362
1092,2,60,338,361
1092.5,2,60,341,363
1093,0,54,340,364
1093.5,1,45,342,372
1094,2,36,346,378
1094.5,2,48,345,383
1095,2,48,348,388
1095.5,0,54,352,393
1096,0,42,350,396
1096.5,2,60,355,225
1097,1,60,359,223
1097.5,2,60,359,222
1098,2,60,1,222
1098.5,2,60,3,225
1099,2,60,4,258
1099.5,2,60,7,263
1100,2,60,6,267
1100.5,2,60,9,0
1101,2,60,12,0
1101.5,2,60,10,288
1102,2,60,13,292
1102.5,2,60,12,297
1103,2,60,16,305
1103.5,2,60,18,320
1104,2,60,18,328
1104.5,2,60,20,337
1105,2,60,24,351
1105.5,2,60,23,354
1106,2,60,26,367
1106.5,2,60,24,378
1107,2,60,27,393
1107.5,2,60,30,412
1108,2,60,29,439
1108.5,2,60,35,222
1109,2,60,37,204
1109.5,2,60,40,189
1110,2,60,43,178
1110.5,2,60,44,168
1111,2,60,47,160
1111.5,2,60,46,152
1112,2,60,50,147
1112.5,2,60,49,144
1113,2,60,52,142
1113.5,2,60,56,140
1114,2,0,54,0
1114.5,2,0,58,0
1115,2,0,57,0
1115.5,2,0,60,0
1116,2,0,64,0
1116.5,2,0,63,0
1117,2,0,66,0
1117.5,2,0,66,0
1118,2,0,69,0
1118.5,2,0,68,0
1119,2,0,72,0
1119.5,2,0,75,0
1120,2,0,74,0
1120.5,2,0,78,0
1121,2,0,77,0
1121.5,2,0,80,0
1122,2,0,84,0
1122.5,2,0,83,0
1123,2,0,86,0
1123.5,2,0,86,0
1124,2,0,89,0
1124.5,2,0,89,0
1125,2,0,92,0
1125.5,2,0,95,0
1126,2,0,95,0
1126.5,2,0,98,0
1127,2,0,97,0
1127.5,2,0,101,0
1128,2,0,100,0
1128.5,2,0,103,0
1129,2,0,107,0
1129.5,2,0,106,0
1130,2,0,109,0
1130.5,2,0,109,0
1131,2,60,111,291
1131.5,2,0,115,0
1132,2,0,115,0
1132.5,2,0,118,0
1133,2,0,117,0
1133.5,1,33,120,139
1134,0,42,124,140
1134.5,2,36,123,0
1135,0,30,127,0
1135.5,1,33,126,0
1136,2,60,130,153
1136.5,2,60,130,154
1137,2,60,133,156
1137.5,2,60,136,157
1138,1,57,135,159
1138.5,2,60,139,160
1139,0,54,138,162
1139.5,2,48,142,165
1140,0,42,141,167
1140.5,1,45,144,170
1141,0,42,147,173
1141.5,2,36,146,176
1142,2,0,150,0
1142.5,2,0,149,0
1143,2,60,152,0
1143.5,2,60,155,225
1144,2,60,155,222
1144.5,2,60,157,219
1145,2,60,157,216
1145.5,2,60,159,214
1146,2,60,160,213
1146.5,2,60,161,211
1147,2,60,167,208
1147.5,2,60,166,207
1148,2,60,170,207
1148.5,2,60,169,206
1149,2,60,172,207
1149.5,2,60,174,211
1150,2,0,176,0
1150.5,2,60,178,220
1151,2,60,177,226
1151.5,2,0,182,0
1152,2,60,181,223
1152.5,2,60,184,224
1153,2,60,184,226
1153.5,2,60,188,226
1154,2,60,189,227
1154.5,2,60,189,230
1155,2,0,193,0
1155.5,2,0,192,0
1156,1,33,199,140
1156.5,2,60,193,474
1157,2,60,193,481
1157.5,2,60,196,488
1158,2,60,199,496
1158.5,2,60,199,508
1159,0,54,202,525
1159.5,2,0,207,0
1160,2,0,211,0
1160.5,2,60,208,511
1161,2,60,208,498
1161.5,2,60,211,494
1162,2,60,210,493
1162.5,2,60,214,483
1163,2,60,213,485
1163.5,2,60,216,472
1164,2,60,216,461
1164.5,2,60,220,455
1165,2,60,223,448
1165.5,2,60,222,444
1166,2,60,226,442
1166.5,2,60,225,444
1167,2,60,229,447
1167.5,2,60,228,452
1168,2,60,232,391
1168.5,2,60,236,402
1169,2,60,235,409
1169.5,2,60,238,422
1170,2,60,237,436
1170.5,2,60,241,445
1171,2,60,244,465
1171.5,2,0,248,0
1172,2,0,252,0
1172.5,1,57,244,2833
1173,2,60,248,2995
1173.5,2,60,247,3202
1174,2,0,257,0
1174.5,2,60,250,3072
1175,2,0,260,0
1175.5,2,60,252,3319
1176,2,60,256,3330
1176.5,2,60,259,3310
1177,2,60,258,3294
1177.5,2,60,262,3271
1178,2,60,261,3254
1178.5,2,60,265,3252
1179,2,60,264,3233
1179.5,2,60,268,2721
1180,2,60,271,3231
1180.5,2,60,270,3234
1181,2,60,274,3250
1181.5,2,0,280,0
1182,2,0,284,0
1182.5,2,0,287,0
1183,2,0,286,0
1183.5,2,0,290,0
1184,2,0,289,0
1184.5,2,0,292,0
1185,2,0,296,0
1185.5,2,0,295,0
1186,2,0,299,0
1186.5,2,0,298,0
1187,2,0,301,0
1187.5,2,0,301,0
1188,2,0,304,0
1188.5,2,0,308,0
1189,2,0,307,0
1189.5,2,60,305,279
1190,2,60,309,283
1190.5,2,60,306,3111
1191,2,60,305,4054
1191.5,2,0,316,0
1192,2,0,319,0
1192.5,2,48,314,414
1193,2,36,317,405
1193.5,0,42,317,395
1194,2,36,320,390
1194.5,0,30,323,382
1195,2,36,324,378
1195.5,1,57,327,372
1196,1,57,327,368
1196.5,2,48,330,365
1197,1,57,330,363
1197.5,0,54,333,362
1198,0,54,336,360
1198.5,2,60,336,360
1199,2,60,339,360
1199.5,2,60,338,362
1200,2,60,342,363
1200.5,0,54,341,366
1201,2,36,344,373
1201.5,1,33,347,381
1202,2,48,346,386
1202.5,0,54,350,391
1203,1,45,349,393
1203.5,2,60,357,227
1204,1,60,360,224
1204.5,2,60,356,222
1205,2,60,1,222
1205.5,2,60,0,224
1206,2,60,2,257
1206.5,2,60,7,262
1207,2,60,8,266
1207.5,2,60,8,0
1208,2,60,11,0
1208.5,2,60,9,287
1209,2,60,13,291
1209.5,2,60,16,297
1210,2,60,16,304
1210.5,2,60,17,320
1211,2,60,17,328
1211.5,2,60,20,336
1212,2,60,23,351
1212.5,2,60,22,354
1213,2,60,25,368
1213.5,2,60,25,378
1214,2,60,28,393
1214.5,2,60,30,414
1215,2,60,29,444
1215.5,2,60,38,218
1216,2,60,37,200
1216.5,2,60,41,186
1217,2,60,40,175
1217.5,2,60,45,166
1218,2,60,48,157
1218.5,2,60,47,150
1219,2,60,51,146
1219.5,2,60,52,143
1220,2,60,54,141
1220.5,1,57,55,140
1221,2,0,56,0
1221.5,2,0,59,0
1222,2,0,59,0
1222.5,2,0,62,0
1223,2,0,61,0
1223.5,2,0,65,0
1224,2,0,64,0
1224.5,2,0,68,0
1225,2,0,71,0
1225.5,2,0,71,0
1226,2,0,74,0
1226.5,2,0,73,0
1227,2,0,77,0
1227.5,2,0,76,0
1228,2,0,80,0
1228.5,2,0,83,0
1229,2,0,82,0
1229.5,2,0,86,0
1230,2,0,85,0
1230.5,2,0,89,0
1231,2,0,88,0
1231.5,2,0,92,0
1232,2,0,95,0
1232.5,2,0,95,0
1233,2,0,98,0
1233.5,2,0,97,0
1234,2,0,101,0
1234.5,2,0,100,0
1235,2,0,104,0
1235.5,2,0,107,0
1236,2,0,107,0
1236.5,2,0,110,0
1237,2,0,109,0
1237.5,2,60,111,288
1238,2,0,112,0
1238.5,2,0,116,0
1239,2,0,119,0
1239.5,2,0,118,0
1240,0,30,121,139
1240.5,2,48,121,0
1241,0,30,125,0
1241.5,0,30,124,0
1242,0,42,128,0
1242.5,2,60,132,154
1243,2,60,131,155
1243.5,2,60,135,157
1244,2,60,134,158
1244.5,2,60,137,160
1245,2,48,137,161
1245.5,2,48,140,163
1246,1,45,144,166
1246.5,1,45,143,169
1247,0,42,146,172
1247.5,0,42,145,0
1248,1,33,149,0
1248.5,2,0,148,0
1249,2,60,150,228
1249.5,2,60,153,226
1250,2,60,154,222
1250.5,2,60,157,219
1251,2,60,158,216
1251.5,2,60,160,214
1252,2,60,164,213
1252.5,2,60,163,211
1253,2,60,167,208
1253.5,2,60,166,207
1254,2,60,170,207
1254.5,2,60,169,206
1255,2,60,172,206
1255.5,1,45,175,212
1256,2,36,176,0
1256.5,2,60,179,0
1257,2,60,180,227
1257.5,2,0,182,0
1258,2,60,181,223
1258.5,2,60,182,225
1259,2,60,186,226
1259.5,2,60,187,226
1260,2,60,189,228
1260.5,2,60,191,232
1261,2,0,194,0
1261.5,2,48,197,140
1262,1,57,191,477
1262.5,2,60,195,476
1263,2,60,194,484
1263.5,2,60,197,491
1264,2,60,197,501
1264.5,2,60,200,515
1265,2,0,206,0
1265.5,2,0,209,0
1266,2,60,207,513
1266.5,2,60,206,503
1267,2,60,210,496
1267.5,2,60,209,493
1268,2,60,212,489
1268.5,2,60,216,483
1269,2,60,216,473
1269.5,2,60,219,465
1270,2,60,219,456
1270.5,2,60,222,452
1271,2,60,222,445
1271.5,2,60,225,443
1272,2,60,225,444
1272.5,2,60,228,447
1273,2,60,231,451
1273.5,2,60,231,401
1274,2,60,235,400
1274.5,2,60,234,408
1275,2,60,238,421
1275.5,2,60,237,437
1276,2,60,240,444
1276.5,2,60,243,464
1277,2,0,248,0
1277.5,2,0,252,0
1278,2,60,244,2828
1278.5,2,60,248,3004
1279,2,60,247,3238
1279.5,2,0,258,0
1280,2,60,250,3026
1280.5,2,0,261,0
1281,2,60,253,3323
1281.5,2,60,256,3321
1282,2,60,260,3309
1282.5,2,60,259,3290
1283,2,60,263,3273
1283.5,2,60,262,3250
1284,2,60,266,3234
1284.5,2,60,265,3228
1285,2,60,269,3055
1285.5,2,60,272,3236
1286,2,60,271,3232
1286.5,2,0,282,0
1287,2,0,282,0
1287.5,2,0,285,0
1288,2,0,284,0
1288.5,2,0,288,0
1289,2,0,291,0
1289.5,2,0,291,0
1290,2,0,294,0
1290.5,2,0,294,0
1291,2,0,297,0
1291.5,2,0,297,0
1292,2,0,300,0
1292.5,2,60,299,281
1293,2,0,303,0
1293.5,2,0,307,0
1294,2,0,306,0
1294.5,2,60,304,280
1295,2,60,309,280
1295.5,2,60,305,3126
1296,2,60,305,3043
1296.5,2,0,315,0
1297,2,0,319,0
1297.5,0,42,313,414
1298,2,36,317,405
1298.5,1,45,317,396
1299,0,42,320,390
1299.5,2,36,324,382
1300,1,33,323,377
1300.5,2,60,326,372
1301,0,54,326,368
1301.5,0,54,330,366
1302,1,57,329,363
1302.5,0,54,333,362
1303,0,54,333,360
1303.5,2,60,335,361
1304,2,60,339,361
1304.5,2,60,338,362
1305,2,60,342,365
1305.5,0,54,342,368
1306,1,33,345,378
1306.5,0,42,348,382
1307,0,54,348,388
1307.5,2,48,351,391
1308,2,48,350,395
1308.5,2,60,355,226
1309,1,60,357,223
1309.5,2,60,357,222
1310,2,60,4,222
1310.5,2,60,1,225
1311,2,60,5,258
1311.5,2,60,6,264
1312,2,60,5,268
1312.5,2,60,9,272
1313,2,60,11,286
1313.5,2,60,11,288
1314,2,60,13,294
1314.5,2,60,13,300
1315,2,60,16,310
1315.5,2,60,19,324
1316,2,60,19,332
1316.5,2,60,22,349
1317,2,60,21,352
1317.5,2,60,25,363
1318,2,60,28,375
1318.5,2,60,27,388
1319,2,60,30,406
1319.5,2,60,29,432
1320,2,60,35,223
1320.5,2,60,36,205
1321,2,60,40,189
1321.5,2,60,43,177
1322,2,60,44,167
1322.5,2,60,47,159
1323,2,60,48,151
1323.5,2,60,50,146
1324,2,60,50,143
1324.5,2,60,53,141
1325,1,45,54,140
1325.5,2,0,56,0
1326,2,0,59,0
1326.5,2,0,59,0
1327,2,0,62,0
1327.5,2,0,62,0
1328,2,0,65,0
1328.5,2,0,65,0
1329,2,0,68,0
1329.5,2,0,71,0
1330,2,0,71,0
1330.5,2,0,74,0
1331,2,0,74,0
1331.5,2,0,77,0
1332,2,0,77,0
1332.5,2,0,80,0
1333,2,0,84,0
1333.5,2,0,83,0
1334,2,0,87,0
1334.5,2,0,86,0
1335,2,0,90,0
1335.5,2,0,89,0
1336,2,0,93,0
1336.5,2,0,92,0
1337,2,0,96,0
1337.5,2,0,99,0
1338,2,0,99,0
1338.5,2,0,102,0
1339,2,0,102,0
1339.5,2,0,105,0
1340,2,0,105,0
1340.5,2,0,108,0
1341,2,0,112,0
1341.5,2,60,111,293
1342,2,60,109,292
1342.5,2,0,114,0
1343,2,0,118,0
1343.5,2,0,117,0
1344,2,24,121,139
1344.5,0,42,123,140
1345,1,33,124,0
1345.5,2,24,127,0
1346,2,36,127,0
1346.5,2,60,131,153
1347,2,60,130,154
1347.5,2,60,134,156
1348,2,60,133,157
1348.5,2,60,136,159
1349,2,60,140,161
1349.5,2,48,140,163
1350,1,57,143,165
1350.5,1,45,143,168
1351,0,42,146,170
1351.5,2,36,145,175
1352,1,33,148,180
1352.5,2,0,152,0
1353,2,60,151,228
1353.5,2,60,155,225
1354,2,60,154,222
1354.5,2,60,157,219
1355,2,60,159,216
1355.5,2,60,158,214
1356,2,60,160,213
1356.5,2,60,164,210
1357,2,60,167,208
1357.5,2,60,167,207
1358,2,60,170,206
1358.5,2,60,170,206
1359,2,60,173,206
1359.5,1,57,174,144
1360,2,60,173,216
1360.5,2,60,180,221
1361,2,60,179,226
1361.5,0,54,180,229
1362,2,60,183,224
1362.5,2,60,184,225
1363,2,60,185,226
1363.5,2,60,187,227
1364,2,60,189,229
1364.5,1,45,191,235
1365,2,0,195,0
1365.5,0,42,198,141
1366,2,60,193,474
1366.5,2,60,196,480
1367,2,60,195,488
1367.5,2,60,199,495
1368,2,60,198,507
1368.5,2,60,201,525
1369,2,0,207,0
1369.5,2,0,211,0
1370,2,60,205,511
1370.5,2,60,208,497
1371,2,60,212,493
1371.5,2,60,211,490
1372,2,60,215,481
1372.5,2,60,214,480
1373,2,60,218,469
1373.5,2,60,217,459
1374,2,60,221,453
1374.5,2,60,220,446
1375,2,60,224,443
1375.5,2,60,224,444
1376,2,60,227,445
1376.5,2,60,231,449
1377,2,60,230,456
1377.5,2,60,234,396
1378,2,60,234,406
1378.5,2,60,237,419
1379,2,60,236,434
1379.5,2,60,240,443
1380,2,60,243,462
1380.5,2,0,248,0
1381,2,0,252,0
1381.5,1,57,244,2828
1382,2,60,248,3006
1382.5,2,60,247,3216
1383,2,0,258,0
1383.5,2,60,250,3040
1384,2,0,261,0
1384.5,2,60,253,3319
1385,2,60,257,3326
1385.5,2,60,256,3304
1386,2,60,260,3281
1386.5,2,60,263,3273
1387,2,60,263,3252
1387.5,2,60,266,3233
1388,2,60,266,3238
1388.5,2,60,269,3221
1389,2,60,269,3224
1389.5,2,60,272,3225
1390,2,0,283,0
1390.5,2,0,283,0
1391,2,0,286,0
1391.5,2,0,286,0
1392,2,0,289,0
1392.5,2,0,289,0
1393,2,0,292,0
1393.5,2,0,296,0
1394,2,0,295,0
1394.5,2,0,299,0
1395,2,0,298,0
1395.5,2,0,302,0
1396,2,0,301,0
1396.5,2,0,305,0
1397,2,0,304,0
1397.5,0,42,308,283
1398,2,60,306,279
1398.5,2,0,310,0
1399,2,60,307,3070
1399.5,2,0,314,0
1400,2,0,317,0
1400.5,1,45,315,420
1401,2,36,315,410
1401.5,2,48,319,398
1402,1,45,319,391
1402.5,0,42,323,382
1403,0,30,322,377
1403.5,1,57,326,374
1404,2,48,326,370
1404.5,2,60,329,367
1405,0,54,329,364
1405.5,0,54,332,362
1406,0,54,332,360
1406.5,2,60,335,360
1407,2,60,339,360
1407.5,2,60,339,362
1408,2,60,342,363
1408.5,0,54,341,368
1409,1,33,345,376
1409.5,1,45,348,381
1410,0,54,347,387
1410.5,0,54,350,392
1411,1,45,350,395
1411.5,2,60,356,226
1412,1,60,359,223
1412.5,2,60,358,222
1413,2,60,3,223
1413.5,2,60,1,226
1414,2,60,4,259
1414.5,2,60,6,265
1415,2,60,8,268
1415.5,2,60,10,280
1416,2,60,9,286
1416.5,2,60,12,289
1417,2,60,15,295
1417.5,2,60,15,302
1418,2,60,17,318
1418.5,2,60,16,327
1419,2,60,20,335
1419.5,2,60,23,351
1420,2,60,22,354
1420.5,2,60,26,368
1421,2,60,25,379
1421.5,2,60,28,395
1422,2,60,32,0
1422.5,2,60,36,0
1423,2,60,39,214
1423.5,2,60,38,196
1424,2,60,42,183
1424.5,2,60,43,172
1425,2,60,46,162
1425.5,2,60,46,154
1426,2,60,49,149
1426.5,2,60,49,145
1427,2,60,52,142
1427.5,2,60,56,140
1428,2,0,55,0
1428.5,2,0,58,0
1429,2,0,58,0
1429.5,2,0,61,0
1430,2,0,61,0
1430.5,2,0,64,0
1431,2,0,64,0
1431.5,2,0,68,0
1432,2,0,71,0
1432.5,2,0,71,0
1433,2,0,74,0
1433.5,2,0,74,0
1434,2,0,77,0
1434.5,2,0,77,0
1435,2,0,80,0
1435.5,2,0,84,0
1436,2,0,84,0
1436.5,2,0,87,0
1437,2,0,87,0
1437.5,2,0,90,0
1438,2,0,90,0
1438.5,2,0,94,0
1439,2,0,93,0
1439.5,2,0,97,0
1440,2,0,96,0
1440.5,2,0,100,0
1441,2,0,103,0
1441.5,2,0,103,0
1442,2,0,107,0
1442.5,2,0,106,0
1443,2,0,110,0
1443.5,2,0,109,0
1444,2,60,111,289
1444.5,2,0,112,0
1445,2,0,116,0
1445.5,2,0,119,0
1446,2,0,119,0
1446.5,1,33,122,140
1447,2,36,126,141
1447.5,0,30,126,140
1448,2,0,125,0
1448.5,2,48,129,0
1449,2,60,129,154
1449.5,2,60,132,156
1450,2,60,136,157
1450.5,2,60,136,159
1451,1,57,139,160
1451.5,2,48,139,163
1452,0,54,142,165
1452.5,0,42,142,168
1453,1,45,145,171
1453.5,0,42,144,175
1454,0,42,148,177
1454.5,2,0,152,0
1455,2,60,148,228
1455.5,2,60,154,226
1456,2,60,154,222
1456.5,2,60,157,219
1457,2,60,159,216
1457.5,2,60,161,214
1458,2,60,160,213
1458.5,2,60,164,210
1459,2,60,167,208
1459.5,2,60,167,207
1460,2,60,171,207
1460.5,2,60,170,206
1461,2,60,174,207
1461.5,2,60,176,145
1462,2,60,176,219
1462.5,2,60,179,223
1463,1,33,178,224
1463.5,2,60,181,224
1464,2,60,182,224
1464.5,2,60,185,226
1465,2,60,188,226
1465.5,2,60,188,227
1466,2,60,190,231
1466.5,2,0,194,0
1467,0,42,194,139
1467.5,2,0,197,0
1468,2,60,195,475
1468.5,2,60,194,484
1469,2,60,197,491
1469.5,2,60,197,501
1470,2,60,200,517
1470.5,2,0,206,0
1471,2,0,210,0
1471.5,2,60,207,514
1472,2,60,207,500
1472.5,2,60,211,494
1473,2,60,210,492
1473.5,2,60,214,484
1474,2,60,214,485
1474.5,2,60,217,471
1475,2,60,217,459
1475.5,2,60,220,453
1476,2,60,221,446
1476.5,2,60,224,443
1477,2,60,227,443
1477.5,2,60,227,445
1478,2,60,231,449
1478.5,2,60,230,457
1479,2,60,235,397
1479.5,2,60,234,407
1480,2,60,238,420
1480.5,2,60,237,436
1481,2,60,240,445
1481.5,2,60,244,466
1482,2,0,249,0
1482.5,2,0,249,0
1483,2,60,245,2865
1483.5,1,57,245,3052
1484,2,60,248,3303
1484.5,2,0,259,0
1485,2,60,251,3061
1485.5,2,0,262,0
1486,2,60,255,3329
1486.5,2,60,258,3320
1487,2,60,258,3294
1487.5,2,60,261,3285
1488,2,60,261,3260
1488.5,2,60,265,3253
1489,2,60,264,3225
1489.5,2,60,268,2712
1490,2,60,271,3241
1490.5,2,60,271,3227
1491,2,60,275,2705
1491.5,2,0,281,0
1492,2,0,285,0
1492.5,2,0,285,0
1493,2,0,288,0
1493.5,2,0,292,0
1494,2,0,291,0
1494.5,2,0,295,0
1495,2,0,295,0
1495.5,2,0,298,0
1496,2,0,298,0
1496.5,2,0,301,0
1497,2,0,301,0
1497.5,2,0,305,0
1498,2,0,304,0
1498.5,0,30,306,278
1499,2,60,305,279
1499.5,2,0,311,0
1500,2,60,307,3056
1500.5,0,54,307,4070
1501,2,0,318,0
1501.5,0,54,316,416
1502,2,36,316,407
1502.5,0,42,320,397
1503,0,42,320,391
1503.5,0,42,324,383
1504,2,36,323,377
1504.5,1,57,326,372
1505,0,54,327,369
1505.5,2,48,330,365
1506,1,57,330,364
1506.5,2,48,333,361
1507,2,60,333,360
1507.5,0,54,337,359
1508,2,60,337,362
1508.5,2,60,340,362
1509,2,48,343,365
1509.5,1,45,343,372
1510,0,30,346,381
1510.5,0,54,346,385
1511,0,54,349,389
1511.5,1,45,349,395
1512,2,60,356,226
1512.5,1,60,356,224
1513,2,60,360,222
1513.5,2,60,3,222
1514,2,60,3,225
1514.5,2,60,4,258
1515,2,60,7,263
1515.5,2,60,5,267
1516,2,60,10,273
1516.5,2,60,8,285
1517,2,60,11,289
1517.5,2,60,14,294
1518,2,60,13,302
1518.5,2,60,18,315
1519,2,60,17,326
1519.5,2,60,20,335
1520,2,60,23,351
1520.5,2,60,22,355
1521,2,60,26,369
1521.5,2,60,26,380
1522,2,60,28,396
1522.5,2,60,33,0
1523,2,60,36,0
1523.5,2,60,38,211
1524,2,60,39,193
1524.5,2,60,42,180
1525,2,60,43,170
1525.5,2,60,47,160
1526,2,60,48,152
1526.5,2,60,50,146
1527,2,60,50,144
1527.5,2,60,54,142
1528,0,54,53,140
1528.5,2,0,56,0
1529,2,0,60,0
1529.5,2,0,59,0
1530,2,0,63,0
1530.5,2,0,62,0
1531,2,0,66,0
1531.5,2,0,66,0
1532,2,0,69,0
1532.5,2,0,69,0
1533,2,0,73,0
1533.5,2,0,72,0
1534,2,0,76,0
1534.5,2,0,79,0
1535,2,0,79,0
1535.5,2,0,83,0
1536,2,0,82,0
1536.5,2,0,86,0
1537,2,0,86,0
1537.5,2,0,89,0
1538,2,0,89,0
1538.5,2,0,93,0
1539,2,0,92,0
1539.5,2,0,96,0
1540,2,0,100,0
1540.5,2,0,99,0
1541,2,0,103,0
1541.5,2,0,103,0
1542,2,0,106,0
1542.5,2,0,106,0
1543,2,0,110,0
1543.5,2,0,109,0
1544,2,60,109,288
1544.5,2,0,112,0
1545,2,0,116,0
1545.5,2,0,120,0
1546,2,0,119,0
1546.5,1,33,121,140
1547,2,36,123,0
1547.5,2,36,126,0
1548,2,36,126,149
1548.5,2,60,130,153
1549,2,60,130,155
1549.5,2,60,133,156
1550,2,60,133,157
1550.5,0,54,136,159
1551,2,60,136,161
1551.5,1,45,140,164
1552,0,54,144,166
1552.5,2,48,143,169
1553,2,48,147,172
1553.5,1,45,145,176
1554,2,0,150,0
1554.5,2,0,149,0
1555,2,60,153,0
1555.5,2,60,154,224
1556,2,60,154,221
1556.5,2,60,157,217
1557,2,60,159,214
1557.5,2,60,163,213
1558,2,60,164,212
1558.5,2,60,166,209
1559,2,60,166,207
1559.5,2,60,169,207
1560,2,60,169,206
1560.5,2,60,173,206
1561,0,42,174,143
1561.5,2,60,176,216
1562,2,60,180,221
1562.5,2,60,177,226
1563,2,60,181,226
1563.5,2,60,183,224
1564,2,60,185,226
1564.5,2,60,186,225
1565,2,60,187,227
1565.5,2,60,190,230
1566,2,0,193,0
1566.5,2,0,193,0
1567,2,0,196,0
1567.5,2,60,195,475
1568,2,60,194,483
1568.5,2,60,197,491
1569,2,60,197,501
1569.5,2,60,200,518
1570,2,0,206,0
1570.5,2,0,210,0
1571,2,60,207,513
1571.5,2,60,208,499
1572,2,60,211,494
1572.5,2,60,211,492
1573,2,60,214,481
1573.5,2,60,214,479
1574,2,60,218,468
1574.5,2,60,218,457
1575,2,60,221,452
1575.5,2,60,222,446
1576,2,60,225,443
1576.5,2,60,225,444
1577,2,60,228,446
1577.5,2,60,232,451
1578,2,60,232,389
1578.5,2,60,232,404
1579,2,60,235,411
1579.5,2,60,239,427
1580,2,60,238,438
1580.5,2,60,247,0
1581,2,60,247,0
1581.5,2,0,251,0
1582,2,0,250,0
1582.5,2,60,254,0
1583,2,60,247,3183
1583.5,2,0,257,0
1584,2,60,250,3072
1584.5,2,0,261,0
1585,2,60,253,3321
1585.5,2,60,257,3329
1586,2,60,256,3310
1586.5,2,60,260,3284
1587,2,60,264,3271
1587.5,2,60,263,3253
1588,2,60,267,3236
1588.5,2,60,267,3250
1589,2,60,270,3232
1589.5,2,60,270,3232
1590,2,60,274,3243
1590.5,2,0,281,0
1591,2,0,284,0
1591.5,2,0,288,0
1592,2,0,288,0
1592.5,2,0,291,0
1593,2,0,291,0
1593.5,2,0,295,0
1594,2,0,294,0
1594.5,2,0,298,0
1595,2,0,298,0
1595.5,2,0,301,0
1596,2,0,301,0
1596.5,2,0,305,0
1597,2,0,304,0
1597.5,0,54,308,278
1598,2,60,306,279
1598.5,2,0,311,0
1599,2,60,308,3040
1599.5,1,57,307,4061
1600,2,0,318,0
1600.5,2,48,313,415
1601,2,36,316,405
1601.5,2,48,317,396
1602,1,33,321,389
1602.5,1,33,320,382
1603,1,45,324,376
1603.5,2,60,328,371
1604,1,57,327,369
1604.5,2,48,331,365
1605,2,48,331,362
1605.5,0,54,335,361
1606,2,60,334,360
1606.5,2,60,338,362
1607,2,60,337,361
1607.5,2,60,341,363
1608,2,48,342,366
1608.5,1,33,344,376
1609,0,42,344,382
1609.5,2,48,347,389
1610,0,54,351,392
1610.5,1,45,350,395
1611,1,60,358,225
1611.5,2,60,358,222
1612,2,60,1,222
1612.5,2,60,1,223
1613,2,60,4,228
1613.5,2,60,4,262
1614,2,60,8,266
1614.5,2,60,8,0
1615,2,60,12,0
1615.5,2,60,11,288
1616,2,60,14,292
1616.5,2,60,12,299
1617,2,60,17,309
1617.5,2,60,16,323
1618,2,60,19,332
1618.5,2,60,22,350
1619,2,60,22,353
1619.5,2,60,25,366
1620,2,60,25,378
1620.5,2,60,28,394
1621,2,60,32,0
1621.5,2,60,36,0
1622,2,60,39,213
1622.5,2,60,39,194
1623,2,60,42,181
1623.5,2,60,43,170
1624,2,60,47,160
1624.5,2,60,46,152
1625,2,60,50,146
1625.5,2,60,52,144
1626,2,60,53,141
1626.5,1,45,53,140
1627,2,0,56,0
1627.5,2,0,60,0
1628,2,0,60,0
1628.5,2,0,63,0
1629,2,0,63,0
1629.5,2,0,67,0
1630,2,0,66,0
1630.5,2,0,70,0
1631,2,0,70,0
1631.5,2,0,73,0
1632,2,0,73,0
1632.5,2,0,77,0
1633,2,0,76,0
1633.5,2,0,80,0
1634,2,0,84,0
1634.5,2,0,83,0
1635,2,0,87,0
1635.5,2,0,87,0
1636,2,0,90,0
1636.5,2,0,90,0
1637,2,0,94,0
1637.5,2,0,94,0
1638,2,0,98,0
1638.5,2,0,97,0
1639,2,0,101,0
1639.5,2,0,101,0
1640,2,0,104,0
1640.5,2,0,104,0
1641,2,0,108,0
1641.5,2,0,111,0
1642,2,60,109,294
1642.5,2,60,108,292
1643,2,0,114,0
1643.5,2,0,118,0
1644,2,0,118,0
1644.5,0,30,122,139
1645,1,33,122,140
1645.5,2,0,125,0
1646,0,30,125,0
1646.5,2,48,128,0
1647,2,60,128,154
1647.5,2,60,132,155
1648,2,60,136,157
1648.5,2,60,136,158
1649,2,60,139,161
1649.5,0,54,139,163
1650,0,54,143,165
1650.5,1,45,142,168
1651,1,45,146,171
1651.5,0,42,145,175
1652,2,0,149,0
1652.5,2,0,149,0
1653,2,60,152,0
1653.5,2,60,156,224
1654,2,60,153,221
1654.5,2,60,157,217
1655,2,60,159,214
1655.5,2,60,162,213
1656,2,60,161,211
1656.5,2,60,166,209
1657,2,60,166,207
1657.5,2,60,169,206
1658,2,60,169,206
1658.5,2,60,173,206
1659,2,48,173,143
1659.5,2,60,176,216
1660,2,60,180,221
1660.5,2,60,180,225
1661,2,60,183,225
1661.5,2,60,183,224
1662,2,60,187,226
1662.5,2,60,186,225
1663,2,60,189,227
1663.5,2,60,191,231
1664,2,0,194,0
1664.5,2,48,194,140
1665,2,60,192,474
1665.5,2,60,195,477
1666,2,60,195,485
1666.5,2,60,198,494
1667,2,60,198,505
1667.5,2,60,201,524
1668,2,0,208,0
1668.5,2,0,211,0
1669,2,60,205,508
1669.5,2,60,209,497
1670,2,60,208,493
1670.5,2,60,212,491
1671,2,60,216,484
1671.5,2,60,216,473
1672,2,60,220,462
1672.5,2,60,220,455
1673,2,60,223,448
1673.5,2,60,223,444
1674,2,60,227,444
1674.5,2,60,227,445
1675,2,60,231,448
1675.5,2,60,230,456
1676,2,60,235,396
1676.5,2,60,235,407
1677,2,60,237,420
1677.5,2,60,237,437
1678,2,60,240,446
1678.5,2,60,240,469
1679,2,0,249,0
1679.5,2,0,249,0
1680,2,60,246,2905
1680.5,2,60,246,3104
1681,2,0,256,0
1681.5,2,0,256,0
1682,2,0,260,0
1682.5,2,60,252,3337
1683,2,60,256,3332
1683.5,2,60,260,3316
1684,2,60,259,3290
1684.5,2,60,263,3266
1685,2,60,263,3261
1685.5,2,60,267,3235
1686,2,60,266,3232
1686.5,2,60,270,3235
1687,2,60,270,3234
1687.5,2,60,273,3237
1688,2,0,280,0
1688.5,2,0,284,0
1689,2,0,288,0
1689.5,2,0,288,0
1690,2,0,291,0
1690.5,2,0,291,0
1691,2,0,295,0
1691.5,2,0,294,0
1692,2,0,298,0
1692.5,2,0,298,0
1693,2,0,302,0
1693.5,2,0,301,0
1694,2,0,305,0
1694.5,2,0,305,0
1695,2,60,307,279
1695.5,2,60,306,279
1696,2,60,305,3133
1696.5,2,60,304,3026
1697,2,0,315,0
1697.5,2,0,319,0
1698,2,48,314,414
1698.5,0,42,318,403
1699,1,45,318,394
1699.5,2,48,321,386
1700,0,30,322,385
1700.5,2,48,325,375
1701,1,57,325,371
1701.5,2,60,328,367
1702,0,54,328,365
1702.5,0,54,333,361
1703,0,54,336,361
1703.5,2,60,335,361
1704,2,60,336,360
1704.5,2,60,340,362
1705,2,60,343,363
1705.5,0,42,342,369
1706,2,36,346,378
1706.5,2,48,345,384
1707,1,57,349,389
1707.5,1,45,349,392
1708,2,60,356,227
1708.5,1,60,358,223
1709,2,60,360,222
1709.5,2,60,1,222
1710,2,60,3,225
1710.5,2,60,3,259
1711,2,60,7,264
1711.5,2,60,5,268
1712,2,60,10,280
1712.5,2,60,10,286
1713,2,60,12,290
1713.5,2,60,15,297
1714,2,60,15,305
1714.5,2,60,18,320
1715,2,60,18,329
1715.5,2,60,21,346
1716,2,60,21,351
1716.5,2,60,24,362
1717,2,60,28,375
1717.5,2,60,27,389
1718,2,60,30,410
1718.5,2,60,29,440
1719,2,60,38,218
1719.5,2,60,38,199
1720,2,60,41,184
1720.5,2,60,42,172
1721,2,60,46,162
1721.5,2,60,46,154
1722,2,60,50,148
1722.5,2,60,49,144
1723,2,60,53,142
1723.5,1,57,53,140
1724,2,0,56,0
1724.5,2,0,60,0
1725,2,0,59,0
1725.5,2,0,63,0
1726,2,0,63,0
1726.5,2,0,66,0
1727,2,0,66,0
1727.5,2,0,70,0
1728,2,0,70,0
1728.5,2,0,73,0
1729,2,0,73,0
1729.5,2,0,77,0
1730,2,0,77,0
1730.5,2,0,80,0
1731,2,0,80,0
1731.5,2,0,84,0
1732,2,0,88,0
1732.5,2,0,87,0
1733,2,0,91,0
1733.5,2,0,91,0
1734,2,0,95,0
1734.5,2,0,95,0
1735,2,0,98,0
1735.5,2,0,98,0
1736,2,0,102,0
1736.5,2,0,102,0
1737,2,0,105,0
1737.5,2,0,105,0
1738,2,0,109,0
1738.5,2,0,109,0
1739,2,60,110,291
1739.5,2,0,112,0
1740,2,0,116,0
1740.5,2,0,119,0
1741,2,0,119,0
1741.5,1,33,121,140
1742,0,42,123,0
1742.5,2,36,126,0
1743,2,36,126,0
1743.5,2,60,130,153
1744,2,60,130,155
1744.5,2,60,134,157
1745,2,60,134,158
1745.5,2,60,137,160
1746,0,54,137,162
1746.5,2,48,141,164
1747,2,48,141,167
1747.5,2,48,144,170
1748,2,48,147,174
1748.5,1,33,147,178
1749,2,0,151,0
1749.5,2,60,151,228
1750,2,60,152,226
1750.5,2,60,154,222
1751,2,60,156,219
1751.5,2,60,156,216
1752,2,60,159,214
1752.5,2,60,161,212
1753,2,60,163,210
1753.5,2,60,165,208
1754,2,60,168,207
1754.5,2,60,168,206
1755,2,60,172,206
1755.5,2,60,176,210
1756,2,36,175,215
1756.5,2,60,177,221
1757,2,60,176,227
1757.5,0,54,183,228
1758,2,60,181,224
1758.5,2,60,186,225
1759,2,60,186,226
1759.5,2,60,186,227
1760,2,60,190,231
1760.5,2,0,194,0
1761,1,45,196,140
1761.5,2,60,191,475
1762,2,60,195,476
1762.5,2,60,195,485
1763,2,60,198,493
1763.5,2,60,198,505
1764,2,60,202,522
1764.5,2,0,208,0
1765,2,0,211,0
1765.5,2,60,205,508
1766,2,60,209,496
1766.5,2,60,209,493
1767,2,60,213,489
1767.5,2,60,216,484
1768,2,60,216,472
1768.5,2,60,216,462
1769,2,60,220,455
1769.5,2,60,220,447
1770,2,60,224,444
1770.5,2,60,227,444
1771,2,60,227,445
1771.5,2,60,231,449
1772,2,60,230,460
1772.5,2,60,235,399
1773,2,60,235,408
1773.5,2,60,238,423
1774,2,60,238,437
1774.5,2,60,247,0
1775,0,54,247,0
1775.5,2,0,250,0
1776,2,0,250,0
1776.5,2,60,254,0
1777,2,60,247,3191
1777.5,2,0,258,0
1778,2,60,250,3037
1778.5,2,0,261,0
1779,2,60,254,3325
1779.5,2,60,257,3324
1780,2,60,257,3299
1780.5,2,60,261,3277
1781,2,60,261,3268
1781.5,2,60,264,3253
1782,2,60,264,3230
1782.5,2,60,268,2752
1783,2,60,272,3231
1783.5,2,60,272,3232
1784,2,0,282,0
1784.5,2,0,282,0
1785,2,0,286,0
1785.5,2,0,286,0
1786,2,0,290,0
1786.5,2,0,289,0
1787,2,0,293,0
1787.5,2,0,293,0
1788,2,0,297,0
1788.5,2,0,296,0
1789,2,0,300,0
1789.5,2,48,299,285
1790,2,0,304,0
1790.5,2,0,307,0
1791,2,0,307,0
1791.5,2,60,306,279
1792,2,0,310,0
1792.5,2,60,307,3059
1793,2,0,314,0
1793.5,2,0,318,0
1794,0,54,312,415
1794.5,2,36,317,408
1795,0,42,317,395
1795.5,1,33,320,389
1796,1,33,320,381
1796.5,2,48,324,375
1797,1,57,324,371
1797.5,2,60,328,368
1798,2,48,332,363
1798.5,2,48,332,362
1799,0,54,335,360
1799.5,2,60,335,360
1800,2,60,339,361
1800.5,2,60,339,363
1801,2,60,343,363
1801.5,2,48,342,370
1802,2,36,346,377
1802.5,2,48,345,384
1803,1,57,350,389
1803.5,1,45,349,392
1804,2,60,356,226
1804.5,1,60,360,224
1805,2,60,360,222
1805.5,2,60,1,222
1806,2,60,3,225
1806.5,2,60,3,259
1807,2,60,7,264
1807.5,2,60,6,268
1808,2,60,9,283
1808.5,2,60,10,286
1809,2,60,13,291
1809.5,2,60,12,297
1810,2,60,15,306
1810.5,2,60,20,321
1811,2,60,19,331
1811.5,2,60,21,349
1812,2,60,21,352
1812.5,2,60,25,365
1813,2,60,24,378
1813.5,2,60,28,394
1814,2,60,32,0
1814.5,2,60,36,0
1815,2,60,39,212
1815.5,2,60,39,194
1816,2,60,43,180
1816.5,2,60,44,169
1817,2,60,48,159
1817.5,2,60,47,151
1818,2,60,51,146
1818.5,2,60,51,143
1819,2,60,54,141
1819.5,2,0,54,0
1820,2,0,57,0
1820.5,2,0,57,0
1821,2,0,61,0
1821.5,2,0,61,0
1822,2,0,64,0
1822.5,2,0,64,0
1823,2,0,68,0
1823.5,2,0,72,0
1824,2,0,72,0
1824.5,2,0,75,0
1825,2,0,75,0
1825.5,2,0,79,0
1826,2,0,79,0
1826.5,2,0,82,0
1827,2,0,82,0
1827.5,2,0,86,0
1828,2,0,86,0
1828.5,2,0,90,0
1829,2,0,90,0
1829.5,2,0,93,0
1830,2,0,93,0
1830.5,2,0,97,0
1831,2,0,97,0
1831.5,2,0,101,0
1832,2,0,100,0
1832.5,2,0,104,0
1833,2,0,104,0
1833.5,2,0,108,0
1834,2,0,112,0
1834.5,2,60,110,293
1835,1,33,109,296
1835.5,2,0,115,0
1836,2,0,119,0
1836.5,2,0,118,0
1837,2,0,122,0
1837.5,0,42,123,141
1838,1,33,126,144
1838.5,2,0,126,0
1839,2,60,129,0
1839.5,2,60,130,154
1840,2,60,134,157
1840.5,2,60,133,158
1841,2,60,137,159
1841.5,1,57,137,162
1842,0,54,141,164
1842.5,0,54,141,166
1843,0,42,144,169
1843.5,1,45,147,173
1844,1,33,147,178
1844.5,2,0,151,0
1845,2,60,151,228
1845.5,2,60,151,226
1846,2,60,153,222
1846.5,2,60,158,219
1847,2,60,158,215
1847.5,2,60,161,213
1848,2,60,161,212
1848.5,2,60,165,209
1849,2,60,165,208
1849.5,2,60,169,207
1850,2,60,169,206
1850.5,2,60,172,206
1851,2,36,173,144
1851.5,2,60,174,216
1852,2,60,180,221
1852.5,2,60,177,225
1853,2,60,183,225
1853.5,2,60,183,224
1854,2,60,187,226
1854.5,2,60,187,225
1855,2,60,190,228
1855.5,2,60,192,232
1856,2,0,195,0
1856.5,1,45,195,141
1857,2,60,192,472
1857.5,2,60,192,479
1858,2,60,196,487
1858.5,2,60,200,496
1859,2,60,199,508
1859.5,2,0,205,0
1860,2,0,209,0
1860.5,2,60,207,513
1861,2,60,206,501
1861.5,2,60,210,494
1862,2,60,210,493
1862.5,2,60,214,483
1863,2,60,214,484
1863.5,2,60,218,469
1864,2,60,218,458
1864.5,2,60,222,452
1865,2,60,222,445
1865.5,2,60,226,443
1866,2,60,225,445
1866.5,2,60,229,447
1867,2,60,229,453
1867.5,2,60,234,392
1868,2,60,234,404
1868.5,2,60,237,416
1869,2,60,236,432
1869.5,2,60,240,444
1870,2,60,243,465
1870.5,2,0,249,0
1871,2,0,249,0
1871.5,2,60,246,2907
1872,2,60,245,3101
1872.5,2,0,256,0
1873,2,0,260,0
1873.5,2,0,260,0
1874,2,60,252,3346
1874.5,2,60,256,3335
1875,2,60,260,3315
1875.5,2,60,260,3285
1876,2,60,264,3268
1876.5,2,60,264,3261
1877,2,60,267,3238
1877.5,2,60,267,3237
1878,2,60,271,3229
1878.5,2,60,271,3232
1879,2,60,275,2712
1879.5,2,0,281,0
1880,2,0,285,0
1880.5,2,0,285,0
1881,2,0,289,0
1881.5,2,0,289,0
1882,2,0,293,0
1882.5,2,0,292,0
1883,2,0,296,0
1883.5,2,0,300,0
1884,2,0,300,0
1884.5,1,57,299,279
1885,2,0,303,0
1885.5,2,0,307,0
1886,2,0,307,0
1886.5,2,60,306,279
1887,2,0,310,0
1887.5,2,60,307,3064
1888,2,0,314,0
1888.5,2,0,318,0
1889,1,57,313,415
1889.5,2,36,317,406
1890,1,45,317,395
1890.5,2,36,320,388
1891,1,33,320,385
1891.5,1,45,324,376
1892,1,57,325,371
1892.5,2,60,329,368
1893,2,48,328,364
1893.5,2,48,332,362
1894,0,54,336,360
1894.5,2,60,336,361
1895,2,60,336,361
1895.5,2,60,339,363
1896,2,60,343,365
1896.5,1,45,343,371
1897,2,36,347,381
1897.5,2,48,346,384
1898,0,54,350,390
1898.5,0,42,349,395
1899,2,60,355,226
1899.5,1,60,359,223
1900,2,60,1,222
1900.5,2,60,1,223
1901,2,60,4,227
1901.5,2,60,4,261
1902,2,60,7,266
1902.5,2,60,8,0
1903,2,60,12,0
1903.5,2,60,10,288
1904,2,60,15,293
1904.5,2,60,13,300
1905,2,60,17,311
1905.5,2,60,17,325
1906,2,60,20,334
1906.5,2,60,23,351
1907,2,60,23,356
1907.5,2,60,26,370
1908,2,60,25,383
1908.5,2,60,30,400
1909,2,60,29,429
1909.5,2,0,37,0
1910,2,60,37,203
1910.5,2,60,41,187
1911,2,60,41,174
1911.5,2,60,45,164
1912,2,60,45,155
1912.5,2,60,51,149
1913,2,60,49,145
1913.5,2,60,53,142
1914,1,57,52,140
1914.5,2,0,56,0
1915,2,0,59,0
1915.5,2,0,59,0
1916,2,0,63,0
1916.5,2,0,63,0
1917,2,0,67,0
1917.5,2,0,67,0
1918,2,0,70,0
1918.5,2,0,70,0
1919,2,0,74,0
1919.5,2,0,74,0
1920,2,0,78,0
1920.5,2,0,77,0
1921,2,0,81,0
1921.5,2,0,81,0
1922,2,0,85,0
1922.5,2,0,85,0
1923,2,0,88,0
1923.5,2,0,89,0
1924,2,0,92,0
1924.5,2,0,92,0
1925,2,0,96,0
1925.5,2,0,100,0
1926,2,0,100,0
1926.5,2,0,104,0
1927,2,0,103,0
1927.5,2,0,107,0
1928,2,0,107,0
1928.5,2,0,111,0
1929,2,60,109,296
1929.5,2,60,108,291
1930,2,0,114,0
1930.5,2,0,118,0
1931,2,0,118,0
1931.5,2,0,122,0
1932,2,0,122,0
1932.5,2,0,125,0
1933,0,30,126,151
1933.5,0,54,130,152
1934,2,60,130,155
1934.5,2,60,133,156
1935,2,60,133,157
1935.5,0,54,137,159
1936,1,57,137,161
1936.5,2,48,141,163
1937,1,45,140,166
1937.5,2,48,144,169
1938,1,45,147,173
1938.5,2,36,147,177
1939,2,0,151,0
1939.5,2,60,151,228
1940,2,60,152,226
1940.5,2,60,154,222
1941,2,60,158,218
1941.5,2,60,160,215
1942,2,60,162,213
1942.5,2,60,162,212
1943,2,60,165,209
1943.5,2,60,165,207
1944,2,60,169,207
1944.5,2,60,169,206
1945,2,60,173,206
1945.5,2,48,174,144
1946,2,60,174,217
1946.5,2,60,176,222
1947,1,45,178,224
1947.5,2,60,182,223
1948,2,60,184,224
1948.5,2,60,185,226
1949,2,60,185,226
1949.5,2,60,191,228
1950,2,60,191,234
1950.5,2,0,195,0
1951,1,45,197,140
1951.5,2,60,193,473
1952,2,60,193,480
1952.5,2,60,196,489
1953,2,60,196,499
1953.5,2,60,200,513
1954,2,0,206,0
1954.5,2,0,210,0
1955,2,60,207,512
1955.5,2,60,208,499
1956,2,60,211,493
1956.5,2,60,211,491
1957,2,60,216,481
1957.5,2,60,216,474
1958,2,60,219,465
1958.5,2,60,220,456
1959,2,60,223,448
1959.5,2,60,223,444
1960,2,60,227,444
1960.5,2,60,226,445
1961,2,60,231,449
1961.5,2,60,230,457
1962,2,60,235,399
1962.5,2,60,235,408
1963,2,60,238,423
1963.5,2,60,238,437
1964,2,60,247,0
1964.5,2,60,247,0
1965,2,0,251,0
1965.5,2,0,251,0
1966,2,60,254,0
1966.5,2,60,247,3212
1967,2,0,258,0
1967.5,2,60,251,3063
1968,2,0,262,0
1968.5,2,60,254,3345
1969,2,60,258,3323
1969.5,2,60,258,3298
1970,2,60,262,3265
1970.5,2,60,262,3266
1971,2,60,266,3245
1971.5,2,60,265,3237
1972,2,60,269,3189
1972.5,2,60,269,3231
1973,2,60,273,3238
1973.5,2,0,284,0
1974,2,0,284,0
1974.5,2,0,288,0
1975,2,0,288,0
1975.5,2,0,291,0
1976,2,0,291,0
1976.5,2,0,295,0
1977,2,0,295,0
1977.5,2,0,299,0
1978,2,0,299,0
1978.5,2,0,302,0
1979,2,0,302,0
1979.5,2,0,306,0
1980,2,0,306,0
1980.5,2,60,305,280
1981,2,60,308,282
1981.5,2,60,306,3107
1982,2,60,306,4082
1982.5,2,0,317,0
1983,2,36,312,420
1983.5,2,36,316,410
1984,0,42,320,397
1984.5,2,36,320,392
1985,1,33,320,385
1985.5,1,45,324,376
1986,2,60,327,372
1986.5,1,57,328,368
1987,0,54,331,366
1987.5,2,48,332,362
1988,0,54,335,361
1988.5,2,60,335,360
1989,2,60,339,361
1989.5,2,60,339,363
1990,2,60,343,364
1990.5,0,54,342,371
1991,0,42,346,378
1991.5,2,48,346,384
1992,0,54,350,389
1992.5,2,48,349,394
1993,2,60,357,226
1993.5,1,60,359,223
1994,2,60,360,222
1994.5,2,60,1,222
1995,2,60,4,226
1995.5,2,60,4,261
1996,2,60,7,266
1996.5,2,60,8,0
1997,2,60,12,0
1997.5,2,60,11,288
1998,2,60,14,293
1998.5,2,60,14,300
1999,2,60,18,312
1999.5,2,60,20,326
2000,2,60,21,335
2000.5,2,60,23,351
2001,2,60,23,356
2001.5,2,60,27,371
2002,2,60,26,384
2002.5,2,60,30,402
2003,2,60,29,431
2003.5,2,60,35,222
2004,2,60,36,201
2004.5,2,60,41,185
2005,2,60,41,173
2005.5,2,60,46,163
2006,2,60,46,154
2006.5,2,60,50,148
2007,2,60,49,144
2007.5,2,60,53,142
2008,0,54,53,140
2008.5,2,0,56,0
2009,2,0,56,0
2009.5,2,0,60,0
2010,2,0,64,0
2010.5,2,0,64,0
2011,2,0,68,0
2011.5,2,0,67,0
2012,2,0,71,0
2012.5,2,0,71,0
2013,2,0,75,0
2013.5,2,0,75,0
2014,2,0,79,0
2014.5,2,0,79,0
2015,2,0,82,0
2015.5,2,0,82,0
2016,2,0,86,0
2016.5,2,0,86,0
2017,2,0,90,0
2017.5,2,0,90,0
2018,2,0,94,0
2018.5,2,0,94,0
2019,2,0,97,0
2019.5,2,0,97,0
2020,2,0,101,0
2020.5,2,0,101,0
2021,2,0,105,0
2021.5,2,0,105,0
2022,2,0,109,0
2022.5,2,0,109,0
2023,2,60,110,292
2023.5,2,0,112,0
2024,2,0,116,0
2024.5,2,0,120,0
2025,2,0,120,0
2025.5,2,0,123,0
2026,1,45,124,142
2026.5,1,33,127,0
2027,0,30,127,0
2027.5,2,60,131,153
2028,2,60,131,155
2028.5,2,60,135,157
2029,2,60,135,158
2029.5,2,60,139,160
2030,0,54,139,163
2030.5,0,54,143,164
2031,1,45,142,168
2031.5,2,48,146,171
2032,1,45,145,175
2032.5,2,0,150,0
2033,2,0,149,0
2033.5,2,60,153,0
2034,2,60,153,223
2034.5,2,60,156,220
2035,2,60,157,216
2035.5,2,60,160,214
2036,2,60,160,212
2036.5,2,60,164,210
2037,2,60,168,208
2037.5,2,60,168,207
2038,2,60,172,206
2038.5,2,60,171,206
2039,2,60,175,209
2039.5,2,0,176,0
2040,2,60,179,221
2040.5,2,60,179,227
2041,0,54,183,227
2041.5,2,60,182,224
2042,2,60,184,226
2042.5,2,60,186,225
2043,2,60,190,227
2043.5,2,60,190,232
2044,2,0,194,0
2044.5,2,48,196,140
2045,2,60,192,472
2045.5,2,60,196,478
2046,2,60,196,487
2046.5,2,60,200,497
2047,2,60,199,510
2047.5,2,0,205,0
2048,2,0,209,0
2048.5,2,60,207,513
2049,2,60,207,501
2049.5,2,60,211,494
2050,2,60,211,492
2050.5,2,60,215,482
2051,2,60,214,476
2051.5,2,60,218,467
2052,2,60,219,458
2052.5,2,60,222,452
2053,2,60,222,445
2053.5,2,60,226,443
2054,2,60,226,445
2054.5,2,60,230,448
2055,2,60,230,456
2055.5,2,60,234,396
2056,2,60,234,408
2056.5,2,60,238,421
2057,2,60,237,436
2057.5,2,60,241,449
2058,0,54,240,492
2058.5,2,0,251,0
2059,2,0,250,0
2059.5,2,60,254,0
2060,2,60,247,3204
2060.5,2,0,258,0
2061,2,60,251,3057
2061.5,2,0,262,0
2062,2,60,254,3337
2062.5,2,60,258,3322
2063,2,60,258,3296
2063.5,2,60,262,3271
2064,2,60,262,3266
2064.5,2,60,266,3241
2065,2,60,266,3238
2065.5,2,60,269,3220
2066,2,60,269,3231
2066.5,2,60,273,3243
2067,2,0,280,0
2067.5,2,0,284,0
2068,2,0,288,0
2068.5,2,0,288,0
2069,2,0,292,0
2069.5,2,0,292,0
2070,2,0,295,0
2070.5,2,0,295,0
2071,2,0,299,0
2071.5,2,0,299,0
2072,2,0,303,0
2072.5,2,0,303,0
2073,2,0,307,0
2073.5,2,0,306,0
2074,2,60,304,280
2074.5,2,60,309,285
2075,2,60,307,3072
2075.5,2,0,314,0
2076,2,0,318,0
2076.5,0,54,313,416
2077,0,42,316,407
2077.5,2,48,317,395
2078,2,36,320,390
2078.5,0,30,321,381
2079,2,48,325,376
2079.5,0,54,324,372
2080,2,60,329,368
2080.5,1,57,329,365
2081,0,54,333,362
2081.5,0,54,333,359
2082,2,60,337,362
2082.5,2,60,337,362
2083,2,60,340,363
2083.5,0,54,344,364
2084,0,42,343,372
2084.5,2,36,347,379
2085,0,54,347,386
2085.5,2,48,351,391
2086,2,48,350,394
2086.5,1,60,358,225
2087,2,60,358,222
2087.5,2,60,359,222
2088,2,60,2,223
2088.5,2,60,3,257
2089,2,60,5,263
2089.5,2,60,7,267
2090,2,60,10,273
2090.5,2,60,9,286
2091,2,60,12,289
2091.5,2,60,15,296
2092,2,60,16,304
2092.5,2,60,19,320
2093,2,60,18,330
2093.5,2,60,22,347
2094,2,60,21,351
2094.5,2,60,25,364
2095,2,60,24,377
2095.5,2,60,28,393
2096,2,60,36,0
2096.5,2,60,36,0
2097,2,60,37,212
2097.5,2,60,39,193
2098,2,60,43,179
2098.5,2,60,44,168
2099,2,60,48,158
2099.5,2,60,48,150
2100,2,60,52,146
2100.5,2,60,51,143
2101,2,60,54,141
2101.5,2,0,55,0
2102,2,0,58,0
2102.5,2,0,58,0
2103,2,0,62,0
2103.5,2,0,62,0
2104,2,0,66,0
2104.5,2,0,66,0
2105,2,0,70,0
2105.5,2,0,70,0
2106,2,0,73,0
2106.5,2,0,73,0
2107,2,0,77,0
2107.5,2,0,77,0
2108,2,0,81,0
2108.5,2,0,81,0
2109,2,0,85,0
2109.5,2,0,85,0
2110,2,0,88,0
2110.5,2,0,89,0
2111,2,0,92,0
2111.5,2,0,92,0
2112,2,0,96,0
2112.5,2,0,96,0
2113,2,0,100,0
2113.5,2,0,104,0
2114,2,0,104,0
2114.5,2,0,108,0
2115,2,0,108,0
2115.5,2,0,111,0
2116,2,60,110,295
2116.5,1,45,109,293
2117,2,0,115,0
2117.5,2,0,119,0
2118,2,0,119,0
2118.5,2,0,123,0
2119,0,42,122,0
2119.5,1,33,126,0
2120,1,33,126,0
2120.5,2,60,130,0
2121,2,60,130,155
2121.5,2,60,134,156
2122,2,60,134,157
2122.5,2,60,138,160
2123,0,54,138,161
2123.5,2,48,142,165
2124,2,48,142,168
2124.5,1,45,146,171
2125,0,42,145,175
2125.5,2,36,148,178
2126,2,0,149,0
2126.5,2,60,151,227
2127,2,60,152,224
2127.5,2,60,155,221
2128,2,60,159,217
2128.5,2,60,160,214
2129,2,60,162,213
2129.5,2,60,164,211
2130,2,60,167,208
2130.5,2,60,168,207
2131,2,60,170,206
2131.5,2,60,171,206
2132,2,60,175,208
2132.5,1,33,176,146
2133,2,60,177,220
2133.5,2,60,177,227
2134,0,42,183,226
2134.5,2,60,184,224
2135,2,60,186,225
2135.5,2,60,186,225
2136,2,60,189,227
2136.5,2,60,192,231
2137,2,0,194,0
2137.5,2,48,197,141
2138,2,60,192,472
2138.5,2,60,196,478
2139,2,60,196,487
2139.5,2,60,199,496
2140,2,60,199,510
2140.5,2,0,205,0
2141,2,0,209,0
2141.5,2,60,207,513
2142,2,60,207,500
2142.5,2,60,211,494
2143,2,60,211,491
2143.5,2,60,215,481
2144,2,60,215,474
2144.5,2,60,219,466
2145,2,60,219,457
2145.5,2,60,223,449
2146,2,60,223,444
2146.5,2,60,227,444
2147,2,60,227,445
2147.5,2,60,230,449
2148,2,60,230,458
2148.5,2,60,236,399
2149,2,60,235,408
2149.5,2,60,239,424
2150,2,60,238,437
2150.5,2,60,247,0
2151,2,60,247,0
2151.5,2,0,251,0
2152,2,36,244,2843
2152.5,2,60,248,3004
2153,2,60,248,3258
2153.5,2,0,259,0
2154,2,60,251,3068
2154.5,2,0,262,0
2155,2,60,255,3324
2155.5,2,60,259,3317
2156,2,60,259,3285
2156.5,2,60,263,3282
2157,2,60,263,3254
2157.5,2,60,267,3244
2158,2,60,267,3240
2158.5,2,60,270,3231
2159,2,60,270,3229
2159.5,2,60,274,2713
2160,2,0,281,0
2160.5,2,0,285,0
2161,2,0,285,0
2161.5,2,0,289,0
2162,2,0,289,0
2162.5,2,0,293,0
2163,2,0,293,0
2163.5,2,0,296,0
2164,2,0,296,0
2164.5,2,0,300,0
2165,2,48,299,281
2165.5,2,0,304,0
2166,2,0,308,0
2166.5,2,0,308,0
2167,2,60,308,279
2167.5,2,60,304,3146
2168,2,60,304,3033
2168.5,2,0,315,0
2169,2,0,319,0
2169.5,0,54,314,412
2170,0,42,318,402
2170.5,1,45,318,392
2171,0,42,323,384
2171.5,1,33,322,378
2172,2,60,327,372
2172.5,1,57,326,369
2173,2,48,330,365
2173.5,2,48,330,363
2174,1,57,334,361
2174.5,2,60,334,360
2175,2,60,338,360
2175.5,2,60,338,362
2176,2,60,342,363
2176.5,2,48,341,368
2177,2,36,346,376
2177.5,0,54,345,383
2178,2,48,348,389
2178.5,1,45,348,393
2179,2,60,353,228
2179.5,1,60,356,223
2180,2,60,0,222
2180.5,2,60,4,222
2181,2,60,3,226
2181.5,2,60,5,260
2182,2,60,7,265
2182.5,2,60,8,0
2183,2,60,12,0
2183.5,2,60,11,288
2184,2,60,14,293
2184.5,2,60,15,300
2185,2,60,16,312
2185.5,2,60,17,326
2186,2,60,21,336
2186.5,2,60,23,351
2187,2,60,24,358
2187.5,2,60,27,372
2188,2,60,26,386
2188.5,2,60,30,407
2189,2,60,30,438
2189.5,2,60,38,218
2190,2,60,38,197
2190.5,2,60,42,182
2191,2,60,43,171
2191.5,2,60,47,161
2192,2,60,47,152
2192.5,2,60,50,146
2193,2,60,50,143
2193.5,2,60,54,141
2194,2,0,54,0
2194.5,2,0,58,0
2195,2,0,57,0
2195.5,2,0,61,0
2196,2,0,61,0
2196.5,2,0,65,0
2197,2,0,65,0
2197.5,2,0,69,0
2198,2,0,69,0
2198.5,2,0,73,0
2199,2,0,73,0
2199.5,2,0,77,0
2200,2,0,77,0
2200.5,2,0,80,0
2201,2,0,80,0
2201.5,2,0,84,0
2202,2,0,84,0
2202.5,2,0,88,0
2203,2,0,88,0
2203.5,2,0,92,0
2204,2,0,92,0
2204.5,2,0,96,0
2205,2,0,100,0
2205.5,2,0,100,0
2206,2,0,104,0
2206.5,2,0,104,0
2207,2,0,108,0
2207.5,2,0,108,0
2208,2,0,111,0
2208.5,2,60,110,293
2209,2,0,115,0
2209.5,2,0,115,0
2210,2,0,119,0
2210.5,2,0,119,0
2211,2,0,123,0
2211.5,0,42,126,142
2212,2,0,127,0
2212.5,2,36,127,0
2213,2,60,131,153
2213.5,2,60,131,155
2214,2,60,135,157
2214.5,2,60,135,158
2215,2,60,139,160
2215.5,0,54,139,163
2216,2,48,143,164
2216.5,0,42,143,168
2217,2,48,147,171
2217.5,0,42,145,176
2218,2,0,150,0
2218.5,2,0,150,0
2219,2,60,154,0
2219.5,2,60,153,222
2220,2,60,156,219
2220.5,2,60,156,216
2221,2,60,161,213
2221.5,2,60,161,212
2222,2,60,164,209
2222.5,2,60,165,207
2223,2,60,169,207
2223.5,2,60,169,206
2224,2,60,173,206
2224.5,2,48,174,144
2225,2,60,176,217
2225.5,2,60,176,222
2226,2,0,181,0
2226.5,2,60,180,223
2227,2,60,184,224
2227.5,2,60,186,226
2228,2,60,185,226
2228.5,2,60,191,228
2229,2,36,192,232
2229.5,2,0,192,0
2230,2,0,196,0
2230.5,2,60,194,474
2231,2,60,194,483
2231.5,2,60,198,492
2232,2,60,198,503
2232.5,2,60,201,522
2233,2,0,208,0
2233.5,2,0,212,0
2234,2,60,205,504
2234.5,2,60,210,495
2235,2,60,210,493
2235.5,2,60,213,484
2236,2,60,214,486
2236.5,2,60,218,471
2237,2,60,218,458
2237.5,2,60,222,452
2238,2,60,222,445
2238.5,2,60,226,443
2239,2,60,226,445
2239.5,2,60,230,448
2240,2,60,230,455
2240.5,2,60,235,394
2241,2,60,234,406
2241.5,2,60,238,421
2242,2,60,238,436
2242.5,2,60,242,448
2243,1,45,241,486
2243.5,2,0,251,0
2244,2,0,250,0
2244.5,2,60,254,0
2245,2,60,247,3241
2245.5,2,0,258,0
2246,2,60,251,3099
2246.5,2,0,262,0
2247,2,60,255,3333
2247.5,2,60,259,3317
2248,2,60,259,3290
2248.5,2,60,263,3276
2249,2,60,263,3253
2249.5,2,60,267,3240
2250,2,60,267,3241
2250.5,2,60,271,3232
2251,2,60,270,3236
2251.5,2,60,275,2708
2252,2,0,282,0
2252.5,2,0,286,0
2253,2,0,285,0
2253.5,2,0,289,0
2254,2,0,289,0
2254.5,2,0,293,0
2255,2,0,293,0
2255.5,2,0,297,0
2256,2,0,297,0
2256.5,2,0,301,0
2257,2,0,301,0
2257.5,2,0,305,0
2258,2,0,305,0
2258.5,2,60,307,280
2259,2,60,307,280
2259.5,2,60,306,3123
2260,2,60,305,4062
2260.5,2,0,316,0
2261,1,33,316,423
2261.5,2,36,316,412
2262,0,42,316,398
2262.5,2,36,319,391
2263,2,36,320,382
2263.5,2,36,324,375
2264,1,57,328,371
2264.5,2,60,328,368
2265,0,54,328,363
2265.5,2,48,332,361
2266,0,54,332,361
2266.5,2,60,336,361
2267,2,60,340,361
2267.5,2,60,340,363
2268,0,54,344,364
2268.5,0,42,344,371
2269,1,33,347,380
2269.5,0,54,347,386
2270,0,54,351,390
2270.5,0,42,351,395
2271,1,60,359,224
2271.5,2,60,359,222
2272,2,60,3,222
2272.5,2,60,3,224
2273,2,60,4,258
2273.5,2,60,7,264
2274,2,60,7,268
2274.5,2,60,9,281
2275,2,60,9,287
2275.5,2,60,12,291
2276,2,60,13,298
2276.5,2,60,16,308
2277,2,60,19,324
2277.5,2,60,19,333
2278,2,60,23,350
2278.5,2,60,23,354
2279,2,60,26,370
2279.5,2,60,26,383
2280,2,60,30,401
2280.5,2,60,29,430
2281,2,60,35,222
2281.5,2,60,37,200
2282,2,60,41,185
2282.5,2,60,42,172
2283,2,60,46,162
2283.5,2,60,46,153
2284,2,60,49,146
2284.5,2,60,50,143
2285,2,60,54,141
2285.5,2,0,54,0
2286,2,0,57,0
2286.5,2,0,57,0
2287,2,0,61,0
2287.5,2,0,61,0
2288,2,0,65,0
2288.5,2,0,65,0
2289,2,0,69,0
2289.5,2,0,69,0
2290,2,0,73,0
2290.5,2,0,73,0
2291,2,0,77,0
2291.5,2,0,77,0
2292,2,0,81,0
2292.5,2,0,81,0
2293,2,0,85,0
2293.5,2,0,85,0
2294,2,0,89,0
2294.5,2,0,89,0
2295,2,0,93,0
2295.5,2,0,93,0
2296,2,0,97,0
2296.5,2,0,97,0
2297,2,0,101,0
2297.5,2,0,101,0
2298,2,0,105,0
2298.5,2,0,105,0
2299,2,0,109,0
2299.5,2,0,109,0
2300,2,60,111,290
2300.5,2,0,113,0
2301,2,0,116,0
2301.5,2,0,116,0
2302,2,0,120,0
2302.5,1,33,124,140
2303,2,0,124,0
2303.5,0,30,124,0
2304,2,48,129,152
2304.5,2,60,129,154
2305,2,60,133,155
2305.5,2,60,133,157
2306,2,60,137,159
2306.5,0,54,137,161
2307,0,54,141,163
2307.5,2,48,141,167
2308,2,48,145,170
2308.5,1,45,148,173
2309,0,42,148,177
2309.5,2,0,152,0
2310,2,60,152,228
2310.5,2,60,155,225
2311,2,60,155,221
2311.5,2,60,159,217
2312,2,60,159,214
2312.5,2,60,163,213
2313,2,60,163,211
2313.5,2,60,166,208
2314,2,60,167,207
2314.5,2,60,171,206
2315,2,60,169,206
2315.5,2,60,175,209
2316,2,0,176,0
2316.5,2,60,178,221
2317,2,60,179,226
2317.5,2,60,183,226
2318,2,60,183,224
2318.5,2,60,187,226
2319,2,60,187,225
2319.5,2,60,189,228
2320,2,60,190,234
2320.5,2,0,195,0
2321,0,42,196,140
2321.5,2,60,193,474
2322,2,60,194,482
2322.5,2,60,197,491
2323,2,60,197,502
2323.5,2,60,201,520
2324,2,0,207,0
2324.5,2,0,211,0
2325,2,60,205,507
2325.5,2,60,209,496
2326,2,60,210,493
2326.5,2,60,213,485
2327,2,60,213,486
2327.5,2,60,217,471
2328,2,60,217,458
2328.5,2,60,222,452
2329,2,60,222,445
2329.5,2,60,226,443
2330,2,60,226,445
2330.5,2,60,230,448
2331,2,60,230,455
2331.5,2,60,234,396
2332,2,60,234,407
2332.5,2,60,239,422
2333,2,60,238,436
2333.5,2,60,247,0
2334,2,60,247,0
2334.5,2,0,251,0
2335,2,48,244,2839
2335.5,2,60,244,3006
2336,0,54,248,3261
2336.5,2,0,259,0
2337,2,60,252,3075
2337.5,2,0,263,0
2338,2,60,256,3326
2338.5,2,60,260,3302
2339,2,60,260,3283
2339.5,2,60,264,3267
2340,2,60,264,3257
2340.5,2,60,268,3232
2341,2,60,268,2762
2341.5,2,60,272,3239
2342,2,60,272,3234
2342.5,2,0,283,0
2343,2,0,283,0
2343.5,2,0,287,0
2344,2,0,287,0
2344.5,2,0,291,0
2345,2,0,291,0
2345.5,2,0,295,0
2346,2,0,295,0
2346.5,2,0,299,0
2347,2,0,299,0
2347.5,2,0,303,0
2348,2,0,303,0
2348.5,2,0,307,0
2349,2,0,307,0
2349.5,2,60,305,280
2350,2,0,310,0
2350.5,2,60,308,3063
2351,1,57,307,4059
2351.5,2,0,319,0
2352,2,48,314,415
2352.5,2,36,318,403
2353,0,42,318,393
2353.5,1,45,323,384
2354,1,33,322,378
2354.5,2,60,327,373
2355,0,54,327,368
2355.5,2,48,331,366
2356,2,48,331,363
2356.5,0,54,335,361
2357,2,60,335,360
2357.5,2,60,338,361
2358,2,60,338,362
2358.5,2,60,342,364
2359,2,48,343,369
2359.5,0,42,347,377
2360,2,48,346,383
2360.5,0,54,349,390
2361,2,48,350,393
2361.5,2,60,356,226
2362,1,60,360,223
2362.5,2,60,0,222
2363,2,60,2,0
2363.5,2,60,6,0
2364,2,60,5,262
2364.5,2,60,5,267
2365,2,60,9,274
2365.5,2,60,9,286
2366,2,60,13,290
2366.5,2,60,16,297
2367,2,60,17,306
2367.5,2,60,20,321
2368,2,60,19,332
2368.5,2,60,23,350
2369,2,60,22,353
2369.5,2,60,26,369
2370,2,60,25,381
2370.5,2,60,29,399
2371,2,60,29,429
2371.5,2,0,37,0
2372,2,60,37,202
2372.5,2,60,41,185
2373,2,60,42,173
2373.5,2,60,46,162
2374,2,60,47,153
2374.5,2,60,50,146
2375,2,60,53,144
2375.5,2,60,54,141
2376,2,0,54,0
2376.5,2,0,58,0
2377,2,0,58,0
2377.5,2,0,62,0
2378,2,0,62,0
2378.5,2,0,66,0
2379,2,0,66,0
2379.5,2,0,70,0
2380,2,0,70,0
2380.5,2,0,74,0
2381,2,0,74,0
2381.5,2,0,78,0
2382,2,0,78,0
2382.5,2,0,82,0
2383,2,0,82,0
2383.5,2,0,86,0
2384,2,0,86,0
2384.5,2,0,90,0
2385,2,0,90,0
2385.5,2,0,94,0
2386,2,0,94,0
2386.5,2,0,98,0
2387,2,0,98,0
2387.5,2,0,102,0
2388,2,0,102,0
2388.5,2,0,106,0
2389,2,0,106,0
2389.5,2,0,110,0
2390,1,57,109,295
2390.5,2,60,108,290
2391,2,0,114,0
2391.5,2,0,118,0
2392,2,0,118,0
2392.5,2,0,122,0
2393,1,45,122,141
2393.5,2,0,126,0
2394,2,0,126,0
2394.5,2,60,130,0
2395,2,60,130,155
2395.5,2,60,134,156
2396,2,60,134,159
2396.5,2,60,138,160
2397,0,54,139,162
2397.5,0,54,143,165
2398,1,45,143,168
2398.5,0,42,147,172
2399,0,42,146,175
2399.5,2,0,150,0
2400,2,0,150,0
2400.5,2,60,154,0
2401,2,60,154,223
2401.5,2,60,158,219
2402,2,60,160,216
2402.5,2,60,160,214
2403,2,60,162,212
2403.5,2,60,165,209
2404,2,60,166,207
2404.5,2,60,170,207
2405,2,60,170,206
2405.5,2,60,174,207
2406,2,60,175,146
2406.5,2,60,177,219
2407,2,60,178,226
2407.5,2,0,182,0
2408,2,60,182,223
2408.5,2,60,183,225
2409,2,60,186,225
2409.5,2,60,187,227
2410,2,60,191,231
2410.5,2,0,194,0
2411,2,48,196,140
2411.5,2,60,193,472
2412,2,60,192,480
2412.5,2,60,197,488
2413,2,60,196,499
2413.5,2,60,200,515
2414,2,0,206,0
2414.5,2,0,210,0
2415,2,60,204,511
2415.5,2,60,209,497
2416,2,60,208,493
2416.5,2,60,212,488
2417,2,60,213,485
2417.5,2,60,217,473
2418,2,60,217,460
2418.5,2,60,221,452
2419,2,60,221,446
2419.5,2,60,225,443
2420,2,60,226,444
2420.5,2,60,230,447
2421,2,60,230,454
2421.5,2,60,235,394
2422,2,60,234,406
2422.5,2,60,238,421
2423,2,60,237,436
2423.5,2,60,247,0
2424,2,60,247,0
2424.5,2,0,251,0
2425,1,33,244,2842
2425.5,2,60,248,3008
2426,2,48,248,3268
2426.5,2,0,259,0
2427,1,57,252,3073
2427.5,2,60,256,3328
2428,2,60,256,3333
2428.5,2,60,260,3311
2429,2,60,260,3271
2429.5,2,60,260,3265
2430,2,60,264,3262
2430.5,2,60,264,3231
2431,2,60,268,2764
2431.5,2,60,268,3234
2432,2,60,272,3227
2432.5,2,0,283,0
2433,2,0,283,0
2433.5,2,0,287,0
2434,2,0,287,0
2434.5,2,0,291,0
2435,2,0,291,0
2435.5,2,0,296,0
2436,2,0,296,0
2436.5,2,0,300,0
2437,2,0,300,0
2437.5,2,48,299,279
2438,2,0,304,0
2438.5,2,0,308,0
2439,2,0,308,0
2439.5,2,60,307,279
2440,2,60,305,3139
2440.5,2,60,305,3036
2441,2,0,316,0
2441.5,1,33,315,424
2442,0,54,315,413
2442.5,0,42,319,399
2443,0,42,319,392
2443.5,1,45,323,384
2444,1,33,323,378
2444.5,2,60,324,371
2445,2,60,328,368
2445.5,0,54,328,365
2446,0,54,332,362
2446.5,0,54,336,360
2447,2,60,336,361
2447.5,2,60,337,361
2448,2,60,341,363
2448.5,0,54,340,365
2449,0,42,344,373
2449.5,0,42,348,380
2450,0,54,347,388
2450.5,2,48,351,392
2451,0,42,355,226
2451.5,1,60,359,224
2452,2,60,359,222
2452.5,2,60,2,222
2453,2,60,2,225
2453.5,2,60,4,259
2454,2,60,7,265
2454.5,2,60,8,0
2455,2,60,12,0
2455.5,2,60,10,288
2456,2,60,15,293
2456.5,2,60,13,301
2457,2,60,17,317
2457.5,2,60,17,328
2458,2,60,21,340
2458.5,2,60,20,351
2459,2,60,24,362
2459.5,2,60,24,376
2460,2,60,27,393
2460.5,2,60,32,0
2461,2,60,36,0
2461.5,2,60,40,209
2462,2,60,40,190
2462.5,2,60,44,176
2463,2,60,45,165
2463.5,2,60,45,155
2464,2,60,51,149
2464.5,2,60,49,145
2465,2,60,54,142
2465.5,1,45,54,140
2466,2,0,56,0
2466.5,2,0,56,0
2467,2,0,60,0
2467.5,2,0,60,0
2468,2,0,65,0
2468.5,2,0,65,0
2469,2,0,69,0
2469.5,2,0,69,0
2470,2,0,73,0
2470.5,2,0,73,0
2471,2,0,77,0
2471.5,2,0,77,0
2472,2,0,81,0
2472.5,2,0,81,0
2473,2,0,85,0
2473.5,2,0,85,0
2474,2,0,89,0
2474.5,2,0,89,0
2475,2,0,93,0
2475.5,2,0,93,0
2476,2,0,97,0
2476.5,2,0,97,0
2477,2,0,101,0
2477.5,2,0,101,0
2478,2,0,105,0
2478.5,2,0,106,0
2479,2,0,110,0
2479.5,2,0,110,0
2480,2,60,108,288
2480.5,2,0,114,0
2481,2,0,118,0
2481.5,2,0,118,0
2482,2,0,122,0
2482.5,2,36,122,141
2483,0,30,126,0
2483.5,1,33,126,0
2484,2,60,130,153
2484.5,2,60,130,155
2485,2,60,134,156
2485.5,2,60,134,158
2486,1,57,139,160
2486.5,0,54,139,162
2487,0,54,143,165
2487.5,0,42,143,168
2488,2,36,147,172
2488.5,0,42,146,176
2489,2,0,150,0
2489.5,2,0,150,0
2490,2,60,154,0
2490.5,2,60,155,222
2491,2,60,158,218
2491.5,2,60,160,215
2492,2,60,162,213
2492.5,2,60,162,211
2493,2,60,166,208
2493.5,2,60,166,207
2494,2,60,171,206
2494.5,2,60,170,206
2495,2,60,175,207
2495.5,2,36,176,145
2496,2,60,176,220
2496.5,2,60,178,227
2497,1,45,180,227
2497.5,2,60,183,223
2498,2,60,184,226
2498.5,2,60,187,225
2499,2,60,190,228
2499.5,2,60,189,233
2500,2,0,195,0
2500.5,0,42,196,141
2501,2,60,193,474
2501.5,2,60,194,482
2502,2,60,198,491
2502.5,2,60,197,503
2503,2,60,201,522
2503.5,2,0,208,0
2504,2,0,212,0
2504.5,2,60,206,504
2505,2,60,210,495
2505.5,2,60,210,493
2506,2,60,214,484
2506.5,2,60,214,481
2507,2,60,218,468
2507.5,2,60,219,458
2508,2,60,223,449
2508.5,2,60,223,444
2509,2,60,227,443
2509.5,2,60,227,445
2510,2,60,231,449
2510.5,2,60,232,399
2511,2,60,236,402
2511.5,2,60,235,412
2512,2,60,240,428
2512.5,2,60,240,440
2513,2,60,243,462
2513.5,2,0,249,0
2514,2,0,249,0
2514.5,2,60,253,0
2515,2,60,246,3135
2515.5,2,0,257,0
2516,2,60,250,3060
2516.5,2,0,261,0
2517,2,60,254,3326
2517.5,2,60,258,3330
2518,2,60,258,3292
2518.5,2,60,262,3262
2519,2,60,262,3258
2519.5,2,60,266,3245
2520,2,60,266,3233
2520.5,2,60,270,3231
2521,2,60,270,3237
2521.5,2,60,275,2734
2522,2,0,282,0
2522.5,2,0,286,0
2523,2,0,286,0
2523.5,2,0,290,0
2524,2,0,290,0
2524.5,2,0,294,0
2525,2,0,294,0
2525.5,2,0,298,0
2526,2,0,298,0
2526.5,2,0,302,0
2527,2,0,302,0
2527.5,2,0,306,0
2528,2,0,306,0
2528.5,2,60,306,279
2529,2,60,309,285
2529.5,2,60,307,3065
2530,2,60,307,4065
2530.5,2,0,318,0
2531,2,48,314,415
2531.5,0,42,318,403
2532,1,45,318,393
2532.5,2,48,323,384
2533,2,36,322,379
2533.5,2,60,327,373
2534,1,57,327,369
2534.5,2,48,331,365
2535,1,45,331,363
2535.5,2,48,336,360
2536,2,60,336,360
2536.5,2,60,339,361
2537,2,60,339,363
2537.5,1,57,343,365
2538,0,42,343,371
2538.5,2,36,347,380
2539,2,48,347,385
2539.5,1,57,351,390
2540,1,45,350,397
2540.5,1,60,359,224
2541,2,60,359,222
2541.5,2,60,3,222
2542,2,60,3,224
2542.5,2,60,4,259
2543,2,60,7,265
2543.5,2,60,8,269
2544,2,60,10,284
2544.5,2,60,11,287
2545,2,60,14,293
2545.5,2,60,13,300
2546,2,60,17,315
2546.5,2,60,16,327
2547,2,60,20,339
2547.5,2,60,20,351
2548,2,60,24,362
2548.5,2,60,28,376
2549,2,60,28,393
2549.5,2,60,32,0
2550,2,60,36,0
2550.5,2,60,40,208
2551,2,60,40,190
2551.5,2,60,44,176
2552,2,60,45,165
2552.5,2,60,45,155
2553,2,60,49,149
2553.5,2,60,49,144
2554,2,60,54,142
2554.5,2,36,53,140
2555,2,0,57,0
2555.5,2,0,57,0
2556,2,0,61,0
2556.5,2,0,61,0
2557,2,0,65,0
2557.5,2,0,65,0
2558,2,0,69,0
2558.5,2,0,69,0
2559,2,0,73,0
2559.5,2,0,73,0
2560,2,0,77,0
2560.5,2,0,77,0
2561,2,0,81,0
2561.5,2,0,82,0
2562,2,0,86,0
2562.5,2,0,86,0
2563,2,0,90,0
2563.5,2,0,90,0
2564,2,0,94,0
2564.5,2,0,94,0
2565,2,0,98,0
2565.5,2,0,98,0
2566,2,0,102,0
2566.5,2,0,102,0
2567,2,0,107,0
2567.5,2,0,107,0
2568,2,0,111,0
2568.5,2,60,108,296
2569,2,60,109,293
2569.5,2,0,115,0
2570,2,0,119,0
2570.5,2,0,119,0
2571,2,0,123,0
2571.5,2,48,123,0
2572,1,33,127,0
2572.5,1,45,128,149
2573,2,60,132,153
2573.5,2,60,132,155
2574,2,60,135,157
2574.5,2,60,136,158
2575,2,60,136,161
2575.5,0,54,140,163
2576,0,42,140,166
2576.5,1,45,144,169
2577,1,45,147,173
2577.5,2,36,147,179
2578,2,0,152,0
2578.5,2,60,150,227
2579,2,60,153,224
2579.5,2,60,156,220
2580,2,60,157,216
2580.5,2,60,160,214
2581,2,60,160,212
2581.5,2,60,164,210
2582,2,60,164,208
2582.5,2,60,168,207
2583,2,60,168,206
2583.5,2,60,172,206
2584,2,48,174,142
2584.5,2,60,174,217
2585,2,60,179,223
2585.5,2,0,181,0
2586,2,60,181,223
2586.5,2,60,184,224
2587,2,60,185,226
2587.5,2,60,189,227
2588,2,60,189,230
2588.5,2,0,194,0
2589,2,36,197,141
2589.5,2,60,192,472
2590,2,60,196,478
2590.5,2,60,196,488
2591,2,60,196,498
2591.5,2,60,200,513
2592,2,0,206,0
2592.5,2,0,210,0
2593,2,60,208,513
2593.5,2,60,208,496
2594,2,60,208,493
2594.5,2,60,213,489
2595,2,60,213,485
2595.5,2,60,217,472
2596,2,60,217,460
2596.5,2,60,221,453
2597,2,60,221,446
2597.5,2,60,226,443
2598,2,60,226,444
2598.5,2,60,230,448
2599,2,60,230,455
2599.5,2,60,235,397
2600,2,60,235,408
2600.5,2,60,239,424
2601,2,60,238,438
2601.5,2,60,248,0
2602,2,48,248,0
2602.5,2,0,252,0
2603,2,60,245,2851
2603.5,1,57,245,3057
2604,2,0,256,0
2604.5,2,0,256,0
2605,2,0,260,0
2605.5,2,60,253,3332
2606,2,60,257,3336
2606.5,2,60,257,3301
2607,2,60,261,3276
2607.5,2,60,261,3254
2608,2,60,266,3253
2608.5,2,60,266,3241
2609,2,60,270,3224
2609.5,2,60,270,3229
2610,2,60,274,3243
2610.5,2,0,281,0
2611,2,0,285,0
2611.5,2,0,285,0
2612,2,0,289,0
2612.5,2,0,289,0
2613,2,0,294,0
2613.5,2,0,294,0
2614,2,0,298,0
2614.5,2,0,298,0
2615,2,0,302,0
2615.5,2,0,302,0
2616,2,0,306,0
2616.5,2,0,306,0
2617,2,60,305,280
2617.5,2,60,309,285
2618,2,60,307,3069
2618.5,2,0,314,0
2619,2,0,318,0
2619.5,2,48,314,415
2620,0,42,318,403
2620.5,0,42,318,393
2621,1,45,322,383
2621.5,1,33,323,379
2622,2,60,326,372
2622.5,1,57,326,369
2623,1,45,332,365
2623.5,2,48,331,363
2624,0,54,336,361
2624.5,2,60,336,359
2625,2,60,339,360
2625.5,2,60,339,363
2626,0,54,343,364
2626.5,0,42,344,370
2627,2,36,347,379
2627.5,0,54,347,385
2628,2,48,351,391
2628.5,2,0,355,0
2629,1,60,357,224
2629.5,2,60,358,222
2630,2,60,1,222
2630.5,2,60,3,225
2631,2,60,4,259
2631.5,2,60,7,265
2632,2,60,9,269
2632.5,2,60,12,285
2633,2,60,11,288
2633.5,2,60,14,294
2634,2,60,15,301
2634.5,2,60,17,319
2635,2,60,18,328
2635.5,2,60,21,345
2636,2,60,21,351
2636.5,2,60,25,365
2637,2,60,24,378
2637.5,2,60,28,395
2638,2,60,32,427
2638.5,2,60,31,447
2639,2,60,37,206
2639.5,2,60,41,187
2640,2,60,41,174
2640.5,2,60,46,163
2641,2,60,46,154
2641.5,2,60,50,147
2642,2,60,50,144
2642.5,2,60,54,141
2643,2,0,54,0
2643.5,2,0,58,0
2644,2,0,58,0
2644.5,2,0,62,0
2645,2,0,62,0
2645.5,2,0,66,0
2646,2,0,66,0
2646.5,2,0,70,0
2647,2,0,70,0
2647.5,2,0,75,0
2648,2,0,75,0
2648.5,2,0,79,0
2649,2,0,79,0
2649.5,2,0,83,0
2650,2,0,83,0
2650.5,2,0,87,0
2651,2,0,87,0
2651.5,2,0,91,0
2652,2,0,91,0
2652.5,2,0,96,0
2653,2,0,96,0
2653.5,2,0,100,0
2654,2,0,100,0
2654.5,2,0,104,0
2655,2,0,104,0
2655.5,2,0,104,0
2656,2,0,108,0
2656.5,2,0,108,0
2657,2,60,111,291
2657.5,2,0,112,0
2658,2,0,117,0
2658.5,2,0,117,0
2659,2,0,121,0
2659.5,1,33,121,141
2660,1,33,125,0
2660.5,0,30,125,0
2661,1,57,129,0
2661.5,2,60,130,154
2662,2,60,134,156
2662.5,2,60,134,158
2663,2,60,139,160
2663.5,0,54,138,162
2664,0,54,142,164
2664.5,0,42,142,168
2665,0,42,146,172
2665.5,0,42,145,176
2666,2,0,150,0
2666.5,2,0,150,0
2667,2,60,154,0
2667.5,2,60,154,222
2668,2,60,156,219
2668.5,2,60,158,215
2669,2,60,162,213
2669.5,2,60,162,211
2670,2,60,166,209
2670.5,2,60,167,207
2671,2,60,171,207
2671.5,2,60,171,206
2672,2,60,175,207
2672.5,0,30,176,148
2673,2,60,177,221
2673.5,2,60,179,226
2674,2,60,183,226
2674.5,2,60,184,224
2675,2,60,185,226
2675.5,2,60,184,226
2676,2,60,192,228
2676.5,0,54,189,235
2677,2,0,192,0
2677.5,2,0,196,0
2678,2,60,195,475
2678.5,2,60,194,485
2679,2,60,198,494
2679.5,2,60,198,507
2680,2,0,205,0
2680.5,2,0,209,0
2681,2,60,207,514
2681.5,2,60,207,501
2682,2,60,211,493
2682.5,2,60,211,490
2683,2,60,215,483
2683.5,2,60,216,474
2684,2,60,220,462
2684.5,2,60,220,454
2685,2,60,221,447
2685.5,2,60,225,443
2686,2,60,225,444
2686.5,2,60,229,447
2687,2,60,229,452
2687.5,2,60,234,392
2688,2,60,233,405
2688.5,2,60,237,420
2689,2,60,238,436
2689.5,2,60,247,0
2690,2,48,247,0
2690.5,2,0,251,0
2691,0,42,244,2845
2691.5,2,60,244,3015
2692,0,54,248,3279
2692.5,2,0,259,0
2693,2,36,252,3075
2693.5,2,60,252,3328
2694,2,60,257,3336
2694.5,2,60,257,3312
2695,2,60,261,3278
2695.5,2,60,261,3265
2696,2,60,265,3238
2696.5,2,60,265,3241
2697,2,60,269,3057
2697.5,2,60,269,3225
2698,2,60,273,3237
2698.5,2,0,281,0
2699,2,0,285,0
2699.5,2,0,285,0
2700,2,0,289,0
2700.5,2,0,289,0
2701,2,0,293,0
2701.5,2,0,293,0
2702,2,0,297,0
2702.5,2,0,297,0
2703,2,0,302,0
2703.5,2,0,302,0
2704,2,0,306,0
2704.5,2,0,306,0
2705,2,60,305,280
2705.5,2,60,309,284
2706,2,60,307,3079
2706.5,2,0,314,0
2707,2,0,318,0
2707.5,2,48,313,415
2708,0,42,318,403
2708.5,0,42,318,393
2709,0,42,322,386
2709.5,1,33,322,377
2710,2,60,327,373
2710.5,1,57,327,369
2711,1,45,331,365
2711.5,2,48,331,363
2712,0,54,335,361
2712.5,2,60,335,360
2713,2,60,340,360
2713.5,2,60,340,364
2714,0,54,344,364
2714.5,0,42,344,372
2715,2,36,347,379
2715.5,0,54,348,385
2716,0,54,351,391
2716.5,2,0,356,0
2717,1,60,359,224
2717.5,2,60,360,222
2718,2,60,4,222
2718.5,2,60,4,0
2719,2,60,4,0
2719.5,2,60,7,265
2720,2,60,9,270
2720.5,2,60,8,285
2721,2,60,11,288
2721.5,2,60,15,294
2722,2,60,14,303
2722.5,2,60,18,320
2723,2,60,18,330
2723.5,2,60,22,348
2724,2,60,22,352
2724.5,2,60,26,367
2725,2,60,25,380
2725.5,2,60,28,397
2726,2,60,29,428
2726.5,2,0,37,0
2727,2,60,37,202
2727.5,2,60,41,184
2728,2,60,43,172
2728.5,2,60,47,161
2729,2,60,47,152
2729.5,2,60,51,146
2730,2,60,51,143
2730.5,2,60,55,141
2731,2,0,55,0
2731.5,2,0,59,0
2732,2,0,59,0
2732.5,2,0,63,0
2733,2,0,63,0
2733.5,2,0,67,0
2734,2,0,67,0
2734.5,2,0,71,0
2735,2,0,71,0
2735.5,2,0,75,0
2736,2,0,76,0
2736.5,2,0,80,0
2737,2,0,80,0
2737.5,2,0,84,0
2738,2,0,84,0
2738.5,2,0,84,0
2739,2,0,88,0
2739.5,2,0,89,0
2740,2,0,93,0
2740.5,2,0,93,0
2741,2,0,97,0
2741.5,2,0,97,0
2742,2,0,101,0
2742.5,2,0,101,0
2743,2,0,105,0
2743.5,2,0,106,0
2744,2,0,110,0
2744.5,1,33,108,294
2745,2,60,112,290
2745.5,2,0,114,0
2746,2,0,118,0
2746.5,2,0,118,0
2747,2,0,122,0
2747.5,1,45,123,141
2748,2,0,126,0
2748.5,2,36,127,0
2749,2,60,131,153
2749.5,2,60,131,155
2750,2,60,135,156
2750.5,2,60,135,158
2751,1,57,140,160
2751.5,0,54,140,163
2752,1,45,144,166
2752.5,1,45,144,170
2753,1,45,147,173
2753.5,1,33,147,177
2754,2,0,152,0
2754.5,2,60,151,228
2755,2,60,156,225
2755.5,2,60,156,221
2756,2,60,160,217
2756.5,2,60,160,214
2757,2,60,160,212
2757.5,2,60,163,210
2758,2,60,164,208
2758.5,2,60,168,207
2759,2,60,169,206
2759.5,2,60,173,206
2760,2,60,174,144
2760.5,2,60,177,218
2761,2,60,177,224
2761.5,2,0,182,0
2762,2,60,181,223
2762.5,2,60,183,225
2763,2,60,185,225
2763.5,2,60,190,227
2764,2,60,190,231
2764.5,2,0,194,0
2765,1,45,195,141
2765.5,2,60,192,473
2766,2,60,193,480
2766.5,2,60,196,489
2767,2,60,197,500
2767.5,2,60,201,518
2768,2,0,207,0
2768.5,2,0,211,0
2769,2,60,205,507
2769.5,2,60,209,495
2770,2,60,210,493
2770.5,2,60,214,484
2771,2,60,214,483
2771.5,2,60,219,468
2772,2,60,219,457
2772.5,2,60,223,450
2773,2,60,223,444
2773.5,2,60,227,443
2774,2,60,227,445
2774.5,2,60,232,450
2775,2,60,233,393
2775.5,2,60,232,404
2776,2,60,236,414
2776.5,2,60,240,429
2777,2,60,240,443
2777.5,2,60,244,466
2778,2,0,250,0
2778.5,2,0,250,0
2779,2,60,254,0
2779.5,2,60,247,3194
2780,2,0,258,0
2780.5,2,60,251,3099
2781,2,0,262,0
2781.5,2,60,255,3332
2782,2,60,259,3319
2782.5,2,60,259,3290
2783,2,60,264,3266
2783.5,2,60,264,3253
2784,2,60,268,3242
2784.5,2,60,268,2750
2785,2,60,268,3231
2785.5,2,60,272,3244
2786,2,0,283,0
2786.5,2,0,284,0
2787,2,0,288,0
2787.5,2,0,288,0
2788,2,0,288,0
2788.5,2,0,292,0
2789,2,0,292,0
2789.5,2,0,296,0
2790,2,0,297,0
2790.5,2,0,301,0
2791,2,0,301,0
2791.5,2,0,305,0
2792,2,0,305,0
2792.5,2,60,304,280
2793,2,60,309,281
2793.5,2,60,306,3104
2794,2,60,306,4090
2794.5,2,0,317,0
2795,1,57,313,416
2795.5,2,36,317,406
2796,1,45,318,393
2796.5,1,45,321,386
2797,2,24,322,378
2797.5,1,57,326,374
2798,0,54,326,369
2798.5,2,48,331,364
2799,1,45,331,363
2799.5,0,54,335,361
