data
173
83
150
217
200
2
0
0
2
160
2
144
2
0
128
2
116
2
0
112
2
104
2
0
100
2
0
0
0
0
0
0
0
0
0
0
0
0
0
0
0
0
0
0
0
0
0
0
0
0
0
0
0
0
0
0
0
0
0
0
0
0
0
0
0
0
0
0
0
0
0
0
0
0
0
0
0
0
0
0
0
0
0
0
162
90
164
6
0
0
0
0
0
0
0
0
0
0
0
0
0
0
0
0
0
0
0
0
0
0
0
0
0
0
0
0
0
0
0
0
0
0
0
0
0
0
0
0
0
0
0
0
0
0
0
0
0
0
0
0
0
0
0
0
0
0
0
0
0
0
0
0
0
0
0
0
0
0
0
0
0
0
0
0
0
0
0
0
168
90
182
13
0
0
0
0
0
0
0
0
0
0
0
0
0
0
0
0
0
0
0
0
0
0
2
0
96
2
0
62
6
52
54
6
58
6
33
66
6
78
6
34
86
6
94
6
68
90
6
70
6
84
54
6
46
6
66
46
6
0
0
2
0
0
62
6
16
0
0
0
0
0
62
6
46
6
18
34
6
2
0
4
171
86
211
20
206
5
194
5
2
193
5
189
5
239
201
5
214
5
47
221
5
226
5
47
234
5
246
5
51
254
5
6
6
48
22
6
46
6
51
0
0
0
0
0
0
0
3
0
32
179
11
155
11
1
139
11
115
11
1
115
11
0
0
1
0
0
127
11
0
0
0
0
0
0
0
0
0
0
0
0
0
0
0
0
169
95
252
27
0
0
0
0
0
0
0
0
0
0
0
0
0
0
0
0
0
0
0
0
0
0
0
0
0
0
0
0
0
0
0
0
0
0
0
0
0
3
0
96
139
17
111
17
102
63
17
23
17
102
11
17
19
17
102
7
17
211
16
101
183
16
175
16
85
3
0
179
10
0
158
10
142
10
255
143
10
2
0
224
163
84
28
35
58
10
86
10
255
102
10
102
10
254
127
10
150
10
240
142
10
146
10
255
178
10
206
10
255
230
10
7
11
15
0
0
3
0
16
183
11
171
11
18
171
11
167
11
17
207
11
2
0
225
2
0
86
9
221
22
9
230
8
220
2
0
0
0
11
2
0
10
8
186
0
0
38
8
144
0
0
0
0
0
162
83
69
42
2
0
0
0
9
0
0
2
0
160
0
0
0
0
0
2
0
42
9
221
66
9
86
9
220
102
9
114
9
221
122
9
130
9
222
0
0
0
0
0
170
9
206
9
254
218
9
0
0
14
0
0
0
0
0
0
0
0
0
0
0
0
3
0
112
163
19
0
0
8
0
0
0
0
0
0
0
3
0
160
164
86
111
49
223
27
0
0
10
3
0
0
0
10
0
0
0
0
0
0
0
0
0
0
0
0
0
0
0
0
0
0
0
0
0
0
0
0
0
3
0
0
0
12
0
0
0
0
0
0
0
0
0
0
0
0
0
0
0
0
0
0
0
0
0
0
3
0
208
175
54
99
54
221
91
54
43
54
221
243
53
179
53
221
169
92
162
56
131
53
67
53
221
15
53
231
52
221
195
52
167
52
221
127
52
107
52
221
95
52
67
52
221
35
52
15
52
221
15
52
3
0
221
179
46
75
46
221
55
46
0
0
13
0
0
0
0
0
0
0
0
0
0
0
0
0
0
0
0
0
3
0
224
3
0
0
0
14
0
0
0
0
0
0
0
0
0
0
169
80
215
63
0
0
0
0
0
0
0
0
